row,recording_row,bag_id,recording_id,source_npz,contact_candidate,label,state,baud_raw,baud_candidate,window_start_s,duration_s,first_frame,range_center_m,clip_fraction,valid_fraction_grid,frame_peak_10_100_hz,coherent_peak_10_100_hz,intended_distance_m,geometry_roi_mismatch,class_role,condition_confirmed,independent_run_confirmed,synchronized_window_pair
0,0,20260920-184058-normal-11520,20260920-184058-normal-11520,20260920-184058-normal-11520.npz,2026_9_20_18-41-41-normal-115200.npz,0,normal,11520,115200,0.0,2.0,0,0.4620187125632157,0.0036865109302958,0.96,33.0,33.0,0.45,False,four_class,False,False,False
1,1,20260920-184058-normal-11520,20260920-184058-normal-11520,20260920-184058-normal-11520.npz,2026_9_20_18-41-41-normal-115200.npz,0,normal,11520,115200,2.0,2.0,20,0.4620187125632157,0.0036865109302958,0.96,33.0,33.0,0.45,False,four_class,False,False,False
2,2,20260920-184058-normal-11520,20260920-184058-normal-11520,20260920-184058-normal-11520.npz,2026_9_20_18-41-41-normal-115200.npz,0,normal,11520,115200,4.0,2.0,40,0.4620187125632157,0.0036865109302958,0.96,33.5,33.0,0.45,False,four_class,False,False,False
3,3,20260920-184058-normal-11520,20260920-184058-normal-11520,20260920-184058-normal-11520.npz,2026_9_20_18-41-41-normal-115200.npz,0,normal,11520,115200,6.0,2.0,60,0.4620187125632157,0.0036865109302958,0.96,33.0,33.0,0.45,False,four_class,False,False,False
4,4,20260920-184058-normal-11520,20260920-184058-normal-11520,20260920-184058-normal-11520.npz,2026_9_20_18-41-41-normal-115200.npz,0,normal,11520,115200,8.0,2.0,80,0.4620187125632157,0.0036865109302958,0.96,33.0,33.0,0.45,False,four_class,False,False,False
5,5,20260920-184058-normal-11520,20260920-184058-normal-11520,20260920-184058-normal-11520.npz,2026_9_20_18-41-41-normal-115200.npz,0,normal,11520,115200,10.0,2.0,100,0.4620187125632157,0.0036865109302958,0.96,33.0,33.0,0.45,False,four_class,False,False,False
6,6,20260920-184058-normal-11520,20260920-184058-normal-11520,20260920-184058-normal-11520.npz,2026_9_20_18-41-41-normal-115200.npz,0,normal,11520,115200,12.0,2.0,120,0.4620187125632157,0.0036865109302958,0.96,33.0,33.0,0.45,False,four_class,False,False,False
7,7,20260920-184058-normal-11520,20260920-184058-normal-11520,20260920-184058-normal-11520.npz,2026_9_20_18-41-41-normal-115200.npz,0,normal,11520,115200,14.0,2.0,140,0.4620187125632157,0.0036865109302958,0.96,33.0,33.0,0.45,False,four_class,False,False,False
8,8,20260920-184058-normal-11520,20260920-184058-normal-11520,20260920-184058-normal-11520.npz,2026_9_20_18-41-41-normal-115200.npz,0,normal,11520,115200,16.0,2.0,160,0.4620187125632157,0.0036865109302958,0.96,33.0,33.0,0.45,False,four_class,False,False,False
9,9,20260920-184058-normal-11520,20260920-184058-normal-11520,20260920-184058-normal-11520.npz,2026_9_20_18-41-41-normal-115200.npz,0,normal,11520,115200,18.0,2.0,180,0.4620187125632157,0.0036865109302958,0.96,33.0,33.0,0.45,False,four_class,False,False,False
10,10,20260920-184058-normal-11520,20260920-184058-normal-11520,20260920-184058-normal-11520.npz,2026_9_20_18-41-41-normal-115200.npz,0,normal,11520,115200,20.0,2.0,200,0.4620187125632157,0.0036865109302958,0.96,33.0,33.0,0.45,False,four_class,False,False,False
11,11,20260920-184058-normal-11520,20260920-184058-normal-11520,20260920-184058-normal-11520.npz,2026_9_20_18-41-41-normal-115200.npz,0,normal,11520,115200,22.0,2.0,220,0.4620187125632157,0.0036865109302958,0.96,33.5,33.0,0.45,False,four_class,False,False,False
12,12,20260920-184058-normal-11520,20260920-184058-normal-11520,20260920-184058-normal-11520.npz,2026_9_20_18-41-41-normal-115200.npz,0,normal,11520,115200,24.0,2.0,240,0.4620187125632157,0.0036865109302958,0.96,33.0,33.0,0.45,False,four_class,False,False,False
13,13,20260920-184058-normal-11520,20260920-184058-normal-11520,20260920-184058-normal-11520.npz,2026_9_20_18-41-41-normal-115200.npz,0,normal,11520,115200,26.0,2.0,260,0.4620187125632157,0.0036865109302958,0.96,33.5,33.0,0.45,False,four_class,False,False,False
14,14,20260920-184058-normal-11520,20260920-184058-normal-11520,20260920-184058-normal-11520.npz,2026_9_20_18-41-41-normal-115200.npz,0,normal,11520,115200,28.0,2.0,280,0.4620187125632157,0.0036865109302958,0.96,33.5,33.0,0.45,False,four_class,False,False,False
15,15,20260920-184058-normal-11520,20260920-184058-normal-11520,20260920-184058-normal-11520.npz,2026_9_20_18-41-41-normal-115200.npz,0,normal,11520,115200,30.0,2.0,300,0.4620187125632157,0.0036865109302958,0.96,33.5,33.0,0.45,False,four_class,False,False,False
16,16,20260920-184058-normal-11520,20260920-184058-normal-11520,20260920-184058-normal-11520.npz,2026_9_20_18-41-41-normal-115200.npz,0,normal,11520,115200,32.0,2.0,320,0.4620187125632157,0.0036865109302958,0.96,33.0,33.0,0.45,False,four_class,False,False,False
17,17,20260920-184058-normal-11520,20260920-184058-normal-11520,20260920-184058-normal-11520.npz,2026_9_20_18-41-41-normal-115200.npz,0,normal,11520,115200,34.0,2.0,340,0.4620187125632157,0.0036865109302958,0.96,33.0,33.0,0.45,False,four_class,False,False,False
18,18,20260920-184058-normal-11520,20260920-184058-normal-11520,20260920-184058-normal-11520.npz,2026_9_20_18-41-41-normal-115200.npz,0,normal,11520,115200,36.0,2.0,360,0.4620187125632157,0.0036865109302958,0.96,33.0,33.0,0.45,False,four_class,False,False,False
19,19,20260920-184058-normal-11520,20260920-184058-normal-11520,20260920-184058-normal-11520.npz,2026_9_20_18-41-41-normal-115200.npz,0,normal,11520,115200,38.0,2.0,380,0.4620187125632157,0.0036865109302958,0.96,33.5,33.0,0.45,False,four_class,False,False,False
20,20,20260920-184058-normal-11520,20260920-184058-normal-11520,20260920-184058-normal-11520.npz,2026_9_20_18-41-41-normal-115200.npz,0,normal,11520,115200,40.0,2.0,400,0.4620187125632157,0.0036865109302958,0.96,33.5,33.0,0.45,False,four_class,False,False,False
21,21,20260920-184058-normal-11520,20260920-184058-normal-11520,20260920-184058-normal-11520.npz,2026_9_20_18-41-41-normal-115200.npz,0,normal,11520,115200,42.0,2.0,420,0.4620187125632157,0.0036865109302958,0.96,33.0,33.0,0.45,False,four_class,False,False,False
22,22,20260920-184058-normal-11520,20260920-184058-normal-11520,20260920-184058-normal-11520.npz,2026_9_20_18-41-41-normal-115200.npz,0,normal,11520,115200,44.0,2.0,440,0.4620187125632157,0.0036865109302958,0.96,33.0,33.0,0.45,False,four_class,False,False,False
23,23,20260920-184058-normal-11520,20260920-184058-normal-11520,20260920-184058-normal-11520.npz,2026_9_20_18-41-41-normal-115200.npz,0,normal,11520,115200,46.0,2.0,460,0.4620187125632157,0.0036865109302958,0.96,33.0,33.0,0.45,False,four_class,False,False,False
24,24,20260920-184058-normal-11520,20260920-184058-normal-11520,20260920-184058-normal-11520.npz,2026_9_20_18-41-41-normal-115200.npz,0,normal,11520,115200,48.0,2.0,480,0.4620187125632157,0.0036865109302958,0.96,33.5,33.0,0.45,False,four_class,False,False,False
25,25,20260920-184058-normal-11520,20260920-184058-normal-11520,20260920-184058-normal-11520.npz,2026_9_20_18-41-41-normal-115200.npz,0,normal,11520,115200,50.0,2.0,500,0.4620187125632157,0.0036865109302958,0.96,33.0,33.0,0.45,False,four_class,False,False,False
26,26,20260920-184058-normal-11520,20260920-184058-normal-11520,20260920-184058-normal-11520.npz,2026_9_20_18-41-41-normal-115200.npz,0,normal,11520,115200,52.0,2.0,520,0.4620187125632157,0.0036865109302958,0.96,33.0,33.0,0.45,False,four_class,False,False,False
27,27,20260920-184058-normal-11520,20260920-184058-normal-11520,20260920-184058-normal-11520.npz,2026_9_20_18-41-41-normal-115200.npz,0,normal,11520,115200,54.0,2.0,540,0.4620187125632157,0.0036865109302958,0.96,33.0,33.0,0.45,False,four_class,False,False,False
28,28,20260920-184058-normal-11520,20260920-184058-normal-11520,20260920-184058-normal-11520.npz,2026_9_20_18-41-41-normal-115200.npz,0,normal,11520,115200,56.0,2.0,560,0.4620187125632157,0.0036865109302958,0.96,33.0,33.0,0.45,False,four_class,False,False,False
29,29,20260920-184058-normal-11520,20260920-184058-normal-11520,20260920-184058-normal-11520.npz,2026_9_20_18-41-41-normal-115200.npz,0,normal,11520,115200,58.0,2.0,580,0.4620187125632157,0.0036865109302958,0.96,33.0,33.0,0.45,False,four_class,False,False,False
30,30,20260920-184058-normal-11520,20260920-184058-normal-11520,20260920-184058-normal-11520.npz,2026_9_20_18-41-41-normal-115200.npz,0,normal,11520,115200,60.0,2.0,600,0.4620187125632157,0.0036865109302958,0.96,33.5,33.0,0.45,False,four_class,False,False,False
31,31,20260920-184058-normal-11520,20260920-184058-normal-11520,20260920-184058-normal-11520.npz,2026_9_20_18-41-41-normal-115200.npz,0,normal,11520,115200,62.0,2.0,620,0.4620187125632157,0.0036865109302958,0.96,33.5,33.0,0.45,False,four_class,False,False,False
32,32,20260920-184058-normal-11520,20260920-184058-normal-11520,20260920-184058-normal-11520.npz,2026_9_20_18-41-41-normal-115200.npz,0,normal,11520,115200,64.0,2.0,640,0.4620187125632157,0.0036865109302958,0.96,33.5,33.0,0.45,False,four_class,False,False,False
33,33,20260920-184058-normal-11520,20260920-184058-normal-11520,20260920-184058-normal-11520.npz,2026_9_20_18-41-41-normal-115200.npz,0,normal,11520,115200,66.0,2.0,660,0.4620187125632157,0.0036865109302958,0.96,33.5,33.0,0.45,False,four_class,False,False,False
34,34,20260920-184058-normal-11520,20260920-184058-normal-11520,20260920-184058-normal-11520.npz,2026_9_20_18-41-41-normal-115200.npz,0,normal,11520,115200,68.0,2.0,680,0.4620187125632157,0.0036865109302958,0.96,33.0,33.0,0.45,False,four_class,False,False,False
35,35,20260920-184058-normal-11520,20260920-184058-normal-11520,20260920-184058-normal-11520.npz,2026_9_20_18-41-41-normal-115200.npz,0,normal,11520,115200,70.0,2.0,700,0.4620187125632157,0.0036865109302958,0.96,33.5,33.0,0.45,False,four_class,False,False,False
36,36,20260920-184058-normal-11520,20260920-184058-normal-11520,20260920-184058-normal-11520.npz,2026_9_20_18-41-41-normal-115200.npz,0,normal,11520,115200,72.0,2.0,720,0.4620187125632157,0.0036865109302958,0.96,32.5,33.0,0.45,False,four_class,False,False,False
37,37,20260920-184058-normal-11520,20260920-184058-normal-11520,20260920-184058-normal-11520.npz,2026_9_20_18-41-41-normal-115200.npz,0,normal,11520,115200,74.0,2.0,740,0.4620187125632157,0.0036865109302958,0.96,33.5,33.0,0.45,False,four_class,False,False,False
38,38,20260920-184058-normal-11520,20260920-184058-normal-11520,20260920-184058-normal-11520.npz,2026_9_20_18-41-41-normal-115200.npz,0,normal,11520,115200,76.0,2.0,760,0.4620187125632157,0.0036865109302958,0.96,33.0,33.0,0.45,False,four_class,False,False,False
39,39,20260920-184058-normal-11520,20260920-184058-normal-11520,20260920-184058-normal-11520.npz,2026_9_20_18-41-41-normal-115200.npz,0,normal,11520,115200,78.0,2.0,780,0.4620187125632157,0.0036865109302958,0.96,33.5,33.0,0.45,False,four_class,False,False,False
40,40,20260920-184058-normal-11520,20260920-184058-normal-11520,20260920-184058-normal-11520.npz,2026_9_20_18-41-41-normal-115200.npz,0,normal,11520,115200,80.0,2.0,800,0.4620187125632157,0.0036865109302958,0.96,33.0,33.0,0.45,False,four_class,False,False,False
41,41,20260920-184058-normal-11520,20260920-184058-normal-11520,20260920-184058-normal-11520.npz,2026_9_20_18-41-41-normal-115200.npz,0,normal,11520,115200,82.0,2.0,820,0.4620187125632157,0.0036865109302958,0.96,33.5,33.0,0.45,False,four_class,False,False,False
42,42,20260920-184058-normal-11520,20260920-184058-normal-11520,20260920-184058-normal-11520.npz,2026_9_20_18-41-41-normal-115200.npz,0,normal,11520,115200,84.0,2.0,840,0.4620187125632157,0.0036865109302958,0.96,32.5,33.0,0.45,False,four_class,False,False,False
43,43,20260920-184058-normal-11520,20260920-184058-normal-11520,20260920-184058-normal-11520.npz,2026_9_20_18-41-41-normal-115200.npz,0,normal,11520,115200,86.0,2.0,860,0.4620187125632157,0.0036865109302958,0.96,33.0,33.0,0.45,False,four_class,False,False,False
44,44,20260920-184058-normal-11520,20260920-184058-normal-11520,20260920-184058-normal-11520.npz,2026_9_20_18-41-41-normal-115200.npz,0,normal,11520,115200,88.0,2.0,880,0.4620187125632157,0.0036865109302958,0.96,33.0,33.0,0.45,False,four_class,False,False,False
45,45,20260920-184058-normal-11520,20260920-184058-normal-11520,20260920-184058-normal-11520.npz,2026_9_20_18-41-41-normal-115200.npz,0,normal,11520,115200,90.0,2.0,900,0.4620187125632157,0.0036865109302958,0.96,33.5,33.0,0.45,False,four_class,False,False,False
46,46,20260920-184058-normal-11520,20260920-184058-normal-11520,20260920-184058-normal-11520.npz,2026_9_20_18-41-41-normal-115200.npz,0,normal,11520,115200,92.0,2.0,920,0.4620187125632157,0.0036865109302958,0.96,33.0,33.0,0.45,False,four_class,False,False,False
47,47,20260920-184058-normal-11520,20260920-184058-normal-11520,20260920-184058-normal-11520.npz,2026_9_20_18-41-41-normal-115200.npz,0,normal,11520,115200,94.0,2.0,940,0.4620187125632157,0.0036865109302958,0.96,33.0,33.0,0.45,False,four_class,False,False,False
48,48,20260920-184058-normal-11520,20260920-184058-normal-11520,20260920-184058-normal-11520.npz,2026_9_20_18-41-41-normal-115200.npz,0,normal,11520,115200,96.0,2.0,960,0.4620187125632157,0.0036865109302958,0.96,33.5,33.0,0.45,False,four_class,False,False,False
49,49,20260920-184058-normal-11520,20260920-184058-normal-11520,20260920-184058-normal-11520.npz,2026_9_20_18-41-41-normal-115200.npz,0,normal,11520,115200,98.0,2.0,980,0.4620187125632157,0.0036865109302958,0.96,33.5,33.0,0.45,False,four_class,False,False,False
50,50,20260920-184058-normal-11520,20260920-184058-normal-11520,20260920-184058-normal-11520.npz,2026_9_20_18-41-41-normal-115200.npz,0,normal,11520,115200,100.0,2.0,1000,0.4620187125632157,0.0036865109302958,0.96,33.5,33.0,0.45,False,four_class,False,False,False
51,51,20260920-184058-normal-11520,20260920-184058-normal-11520,20260920-184058-normal-11520.npz,2026_9_20_18-41-41-normal-115200.npz,0,normal,11520,115200,102.0,2.0,1020,0.4620187125632157,0.0036865109302958,0.96,33.5,33.0,0.45,False,four_class,False,False,False
52,52,20260920-184058-normal-11520,20260920-184058-normal-11520,20260920-184058-normal-11520.npz,2026_9_20_18-41-41-normal-115200.npz,0,normal,11520,115200,104.0,2.0,1040,0.4620187125632157,0.0036865109302958,0.96,33.0,33.0,0.45,False,four_class,False,False,False
53,53,20260920-184058-normal-11520,20260920-184058-normal-11520,20260920-184058-normal-11520.npz,2026_9_20_18-41-41-normal-115200.npz,0,normal,11520,115200,106.0,2.0,1060,0.4620187125632157,0.0036865109302958,0.96,33.5,33.0,0.45,False,four_class,False,False,False
54,54,20260920-184058-normal-11520,20260920-184058-normal-11520,20260920-184058-normal-11520.npz,2026_9_20_18-41-41-normal-115200.npz,0,normal,11520,115200,108.0,2.0,1080,0.4620187125632157,0.0036865109302958,0.96,32.5,33.0,0.45,False,four_class,False,False,False
55,55,20260920-184058-normal-11520,20260920-184058-normal-11520,20260920-184058-normal-11520.npz,2026_9_20_18-41-41-normal-115200.npz,0,normal,11520,115200,110.0,2.0,1100,0.4620187125632157,0.0036865109302958,0.96,33.5,33.0,0.45,False,four_class,False,False,False
56,56,20260920-184058-normal-11520,20260920-184058-normal-11520,20260920-184058-normal-11520.npz,2026_9_20_18-41-41-normal-115200.npz,0,normal,11520,115200,112.0,2.0,1120,0.4620187125632157,0.0036865109302958,0.96,33.0,33.0,0.45,False,four_class,False,False,False
57,57,20260920-184058-normal-11520,20260920-184058-normal-11520,20260920-184058-normal-11520.npz,2026_9_20_18-41-41-normal-115200.npz,0,normal,11520,115200,114.0,2.0,1140,0.4620187125632157,0.0036865109302958,0.96,33.0,33.0,0.45,False,four_class,False,False,False
58,58,20260920-184058-normal-11520,20260920-184058-normal-11520,20260920-184058-normal-11520.npz,2026_9_20_18-41-41-normal-115200.npz,0,normal,11520,115200,116.0,2.0,1160,0.4620187125632157,0.0036865109302958,0.96,33.5,33.0,0.45,False,four_class,False,False,False
59,59,20260920-184058-normal-11520,20260920-184058-normal-11520,20260920-184058-normal-11520.npz,2026_9_20_18-41-41-normal-115200.npz,0,normal,11520,115200,118.0,2.0,1180,0.4620187125632157,0.0036865109302958,0.96,33.5,33.0,0.45,False,four_class,False,False,False
60,60,20260920-184058-normal-11520,20260920-184058-normal-11520,20260920-184058-normal-11520.npz,2026_9_20_18-41-41-normal-115200.npz,0,normal,11520,115200,120.0,2.0,1200,0.4620187125632157,0.0036865109302958,0.96,33.0,33.0,0.45,False,four_class,False,False,False
61,0,20260920-184857-normal-460800,20260920-184857-normal-460800,20260920-184857-normal-460800.npz,2026_9_20_18-48-45-normal-460800.npz,0,normal,460800,460800,0.0,2.0,0,0.4620187125632157,0.0032129181755913,0.96,33.0,33.0,0.45,False,four_class,False,False,False
62,1,20260920-184857-normal-460800,20260920-184857-normal-460800,20260920-184857-normal-460800.npz,2026_9_20_18-48-45-normal-460800.npz,0,normal,460800,460800,2.0,2.0,20,0.4620187125632157,0.0032129181755913,0.96,33.0,33.0,0.45,False,four_class,False,False,False
63,2,20260920-184857-normal-460800,20260920-184857-normal-460800,20260920-184857-normal-460800.npz,2026_9_20_18-48-45-normal-460800.npz,0,normal,460800,460800,4.0,2.0,40,0.4620187125632157,0.0032129181755913,0.96,32.5,33.0,0.45,False,four_class,False,False,False
64,3,20260920-184857-normal-460800,20260920-184857-normal-460800,20260920-184857-normal-460800.npz,2026_9_20_18-48-45-normal-460800.npz,0,normal,460800,460800,6.0,2.0,60,0.4620187125632157,0.0032129181755913,0.96,33.5,33.0,0.45,False,four_class,False,False,False
65,4,20260920-184857-normal-460800,20260920-184857-normal-460800,20260920-184857-normal-460800.npz,2026_9_20_18-48-45-normal-460800.npz,0,normal,460800,460800,8.0,2.0,80,0.4620187125632157,0.0032129181755913,0.96,33.0,33.0,0.45,False,four_class,False,False,False
66,5,20260920-184857-normal-460800,20260920-184857-normal-460800,20260920-184857-normal-460800.npz,2026_9_20_18-48-45-normal-460800.npz,0,normal,460800,460800,10.0,2.0,100,0.4620187125632157,0.0032129181755913,0.96,33.0,33.0,0.45,False,four_class,False,False,False
67,6,20260920-184857-normal-460800,20260920-184857-normal-460800,20260920-184857-normal-460800.npz,2026_9_20_18-48-45-normal-460800.npz,0,normal,460800,460800,12.0,2.0,120,0.4620187125632157,0.0032129181755913,0.96,32.5,33.0,0.45,False,four_class,False,False,False
68,7,20260920-184857-normal-460800,20260920-184857-normal-460800,20260920-184857-normal-460800.npz,2026_9_20_18-48-45-normal-460800.npz,0,normal,460800,460800,14.0,2.0,140,0.4620187125632157,0.0032129181755913,0.96,33.0,33.0,0.45,False,four_class,False,False,False
69,8,20260920-184857-normal-460800,20260920-184857-normal-460800,20260920-184857-normal-460800.npz,2026_9_20_18-48-45-normal-460800.npz,0,normal,460800,460800,16.0,2.0,160,0.4620187125632157,0.0032129181755913,0.96,33.5,33.0,0.45,False,four_class,False,False,False
70,9,20260920-184857-normal-460800,20260920-184857-normal-460800,20260920-184857-normal-460800.npz,2026_9_20_18-48-45-normal-460800.npz,0,normal,460800,460800,18.0,2.0,180,0.4620187125632157,0.0032129181755913,0.96,33.0,33.0,0.45,False,four_class,False,False,False
71,10,20260920-184857-normal-460800,20260920-184857-normal-460800,20260920-184857-normal-460800.npz,2026_9_20_18-48-45-normal-460800.npz,0,normal,460800,460800,20.0,2.0,200,0.4620187125632157,0.0032129181755913,0.96,32.5,33.0,0.45,False,four_class,False,False,False
72,11,20260920-184857-normal-460800,20260920-184857-normal-460800,20260920-184857-normal-460800.npz,2026_9_20_18-48-45-normal-460800.npz,0,normal,460800,460800,22.0,2.0,220,0.4620187125632157,0.0032129181755913,0.96,32.5,33.0,0.45,False,four_class,False,False,False
73,12,20260920-184857-normal-460800,20260920-184857-normal-460800,20260920-184857-normal-460800.npz,2026_9_20_18-48-45-normal-460800.npz,0,normal,460800,460800,24.0,2.0,240,0.4620187125632157,0.0032129181755913,0.96,32.5,33.0,0.45,False,four_class,False,False,False
74,13,20260920-184857-normal-460800,20260920-184857-normal-460800,20260920-184857-normal-460800.npz,2026_9_20_18-48-45-normal-460800.npz,0,normal,460800,460800,26.0,2.0,260,0.4620187125632157,0.0032129181755913,0.96,32.5,33.0,0.45,False,four_class,False,False,False
75,14,20260920-184857-normal-460800,20260920-184857-normal-460800,20260920-184857-normal-460800.npz,2026_9_20_18-48-45-normal-460800.npz,0,normal,460800,460800,28.0,2.0,280,0.4620187125632157,0.0032129181755913,0.96,33.0,33.0,0.45,False,four_class,False,False,False
76,15,20260920-184857-normal-460800,20260920-184857-normal-460800,20260920-184857-normal-460800.npz,2026_9_20_18-48-45-normal-460800.npz,0,normal,460800,460800,30.0,2.0,300,0.4620187125632157,0.0032129181755913,0.96,33.0,33.0,0.45,False,four_class,False,False,False
77,16,20260920-184857-normal-460800,20260920-184857-normal-460800,20260920-184857-normal-460800.npz,2026_9_20_18-48-45-normal-460800.npz,0,normal,460800,460800,32.0,2.0,320,0.4620187125632157,0.0032129181755913,0.96,33.0,33.0,0.45,False,four_class,False,False,False
78,17,20260920-184857-normal-460800,20260920-184857-normal-460800,20260920-184857-normal-460800.npz,2026_9_20_18-48-45-normal-460800.npz,0,normal,460800,460800,34.0,2.0,340,0.4620187125632157,0.0032129181755913,0.96,33.0,33.0,0.45,False,four_class,False,False,False
79,18,20260920-184857-normal-460800,20260920-184857-normal-460800,20260920-184857-normal-460800.npz,2026_9_20_18-48-45-normal-460800.npz,0,normal,460800,460800,36.0,2.0,360,0.4620187125632157,0.0032129181755913,0.96,33.0,33.0,0.45,False,four_class,False,False,False
80,19,20260920-184857-normal-460800,20260920-184857-normal-460800,20260920-184857-normal-460800.npz,2026_9_20_18-48-45-normal-460800.npz,0,normal,460800,460800,38.0,2.0,380,0.4620187125632157,0.0032129181755913,0.96,33.0,33.0,0.45,False,four_class,False,False,False
81,20,20260920-184857-normal-460800,20260920-184857-normal-460800,20260920-184857-normal-460800.npz,2026_9_20_18-48-45-normal-460800.npz,0,normal,460800,460800,40.0,2.0,400,0.4620187125632157,0.0032129181755913,0.96,33.5,33.0,0.45,False,four_class,False,False,False
82,21,20260920-184857-normal-460800,20260920-184857-normal-460800,20260920-184857-normal-460800.npz,2026_9_20_18-48-45-normal-460800.npz,0,normal,460800,460800,42.0,2.0,420,0.4620187125632157,0.0032129181755913,0.96,33.0,33.0,0.45,False,four_class,False,False,False
83,22,20260920-184857-normal-460800,20260920-184857-normal-460800,20260920-184857-normal-460800.npz,2026_9_20_18-48-45-normal-460800.npz,0,normal,460800,460800,44.0,2.0,440,0.4620187125632157,0.0032129181755913,0.96,33.5,33.0,0.45,False,four_class,False,False,False
84,23,20260920-184857-normal-460800,20260920-184857-normal-460800,20260920-184857-normal-460800.npz,2026_9_20_18-48-45-normal-460800.npz,0,normal,460800,460800,46.0,2.0,460,0.4620187125632157,0.0032129181755913,0.96,33.0,33.0,0.45,False,four_class,False,False,False
85,24,20260920-184857-normal-460800,20260920-184857-normal-460800,20260920-184857-normal-460800.npz,2026_9_20_18-48-45-normal-460800.npz,0,normal,460800,460800,48.0,2.0,480,0.4620187125632157,0.0032129181755913,0.96,33.5,33.0,0.45,False,four_class,False,False,False
86,25,20260920-184857-normal-460800,20260920-184857-normal-460800,20260920-184857-normal-460800.npz,2026_9_20_18-48-45-normal-460800.npz,0,normal,460800,460800,50.0,2.0,500,0.4620187125632157,0.0032129181755913,0.96,33.0,33.0,0.45,False,four_class,False,False,False
87,26,20260920-184857-normal-460800,20260920-184857-normal-460800,20260920-184857-normal-460800.npz,2026_9_20_18-48-45-normal-460800.npz,0,normal,460800,460800,52.0,2.0,520,0.4620187125632157,0.0032129181755913,0.96,33.5,33.0,0.45,False,four_class,False,False,False
88,27,20260920-184857-normal-460800,20260920-184857-normal-460800,20260920-184857-normal-460800.npz,2026_9_20_18-48-45-normal-460800.npz,0,normal,460800,460800,54.0,2.0,540,0.4620187125632157,0.0032129181755913,0.96,32.5,33.0,0.45,False,four_class,False,False,False
89,28,20260920-184857-normal-460800,20260920-184857-normal-460800,20260920-184857-normal-460800.npz,2026_9_20_18-48-45-normal-460800.npz,0,normal,460800,460800,56.0,2.0,560,0.4620187125632157,0.0032129181755913,0.96,32.0,33.0,0.45,False,four_class,False,False,False
90,29,20260920-184857-normal-460800,20260920-184857-normal-460800,20260920-184857-normal-460800.npz,2026_9_20_18-48-45-normal-460800.npz,0,normal,460800,460800,58.0,2.0,580,0.4620187125632157,0.0032129181755913,0.96,33.0,33.0,0.45,False,four_class,False,False,False
91,30,20260920-184857-normal-460800,20260920-184857-normal-460800,20260920-184857-normal-460800.npz,2026_9_20_18-48-45-normal-460800.npz,0,normal,460800,460800,60.0,2.0,600,0.4620187125632157,0.0032129181755913,0.96,33.0,33.0,0.45,False,four_class,False,False,False
92,31,20260920-184857-normal-460800,20260920-184857-normal-460800,20260920-184857-normal-460800.npz,2026_9_20_18-48-45-normal-460800.npz,0,normal,460800,460800,62.0,2.0,620,0.4620187125632157,0.0032129181755913,0.96,33.5,33.0,0.45,False,four_class,False,False,False
93,32,20260920-184857-normal-460800,20260920-184857-normal-460800,20260920-184857-normal-460800.npz,2026_9_20_18-48-45-normal-460800.npz,0,normal,460800,460800,64.0,2.0,640,0.4620187125632157,0.0032129181755913,0.96,33.0,33.0,0.45,False,four_class,False,False,False
94,33,20260920-184857-normal-460800,20260920-184857-normal-460800,20260920-184857-normal-460800.npz,2026_9_20_18-48-45-normal-460800.npz,0,normal,460800,460800,66.0,2.0,660,0.4620187125632157,0.0032129181755913,0.96,32.5,33.0,0.45,False,four_class,False,False,False
95,34,20260920-184857-normal-460800,20260920-184857-normal-460800,20260920-184857-normal-460800.npz,2026_9_20_18-48-45-normal-460800.npz,0,normal,460800,460800,68.0,2.0,680,0.4620187125632157,0.0032129181755913,0.96,33.5,33.0,0.45,False,four_class,False,False,False
96,35,20260920-184857-normal-460800,20260920-184857-normal-460800,20260920-184857-normal-460800.npz,2026_9_20_18-48-45-normal-460800.npz,0,normal,460800,460800,70.0,2.0,700,0.4620187125632157,0.0032129181755913,0.96,33.0,33.0,0.45,False,four_class,False,False,False
97,36,20260920-184857-normal-460800,20260920-184857-normal-460800,20260920-184857-normal-460800.npz,2026_9_20_18-48-45-normal-460800.npz,0,normal,460800,460800,72.0,2.0,720,0.4620187125632157,0.0032129181755913,0.96,33.0,33.0,0.45,False,four_class,False,False,False
98,37,20260920-184857-normal-460800,20260920-184857-normal-460800,20260920-184857-normal-460800.npz,2026_9_20_18-48-45-normal-460800.npz,0,normal,460800,460800,74.0,2.0,740,0.4620187125632157,0.0032129181755913,0.96,33.0,33.0,0.45,False,four_class,False,False,False
99,38,20260920-184857-normal-460800,20260920-184857-normal-460800,20260920-184857-normal-460800.npz,2026_9_20_18-48-45-normal-460800.npz,0,normal,460800,460800,76.0,2.0,760,0.4620187125632157,0.0032129181755913,0.96,33.5,33.0,0.45,False,four_class,False,False,False
100,39,20260920-184857-normal-460800,20260920-184857-normal-460800,20260920-184857-normal-460800.npz,2026_9_20_18-48-45-normal-460800.npz,0,normal,460800,460800,78.0,2.0,780,0.4620187125632157,0.0032129181755913,0.96,32.5,33.0,0.45,False,four_class,False,False,False
101,40,20260920-184857-normal-460800,20260920-184857-normal-460800,20260920-184857-normal-460800.npz,2026_9_20_18-48-45-normal-460800.npz,0,normal,460800,460800,80.0,2.0,800,0.4620187125632157,0.0032129181755913,0.96,33.0,33.0,0.45,False,four_class,False,False,False
102,41,20260920-184857-normal-460800,20260920-184857-normal-460800,20260920-184857-normal-460800.npz,2026_9_20_18-48-45-normal-460800.npz,0,normal,460800,460800,82.0,2.0,820,0.4620187125632157,0.0032129181755913,0.96,33.5,33.0,0.45,False,four_class,False,False,False
103,42,20260920-184857-normal-460800,20260920-184857-normal-460800,20260920-184857-normal-460800.npz,2026_9_20_18-48-45-normal-460800.npz,0,normal,460800,460800,84.0,2.0,840,0.4620187125632157,0.0032129181755913,0.96,32.5,33.0,0.45,False,four_class,False,False,False
104,43,20260920-184857-normal-460800,20260920-184857-normal-460800,20260920-184857-normal-460800.npz,2026_9_20_18-48-45-normal-460800.npz,0,normal,460800,460800,86.0,2.0,860,0.4620187125632157,0.0032129181755913,0.96,33.0,33.0,0.45,False,four_class,False,False,False
105,44,20260920-184857-normal-460800,20260920-184857-normal-460800,20260920-184857-normal-460800.npz,2026_9_20_18-48-45-normal-460800.npz,0,normal,460800,460800,88.0,2.0,880,0.4620187125632157,0.0032129181755913,0.96,33.5,33.0,0.45,False,four_class,False,False,False
106,45,20260920-184857-normal-460800,20260920-184857-normal-460800,20260920-184857-normal-460800.npz,2026_9_20_18-48-45-normal-460800.npz,0,normal,460800,460800,90.0,2.0,900,0.4620187125632157,0.0032129181755913,0.96,33.0,33.0,0.45,False,four_class,False,False,False
107,46,20260920-184857-normal-460800,20260920-184857-normal-460800,20260920-184857-normal-460800.npz,2026_9_20_18-48-45-normal-460800.npz,0,normal,460800,460800,92.0,2.0,920,0.4620187125632157,0.0032129181755913,0.96,33.0,33.0,0.45,False,four_class,False,False,False
108,47,20260920-184857-normal-460800,20260920-184857-normal-460800,20260920-184857-normal-460800.npz,2026_9_20_18-48-45-normal-460800.npz,0,normal,460800,460800,94.0,2.0,940,0.4620187125632157,0.0032129181755913,0.96,33.0,33.0,0.45,False,four_class,False,False,False
109,0,20260920-190512-outBroken-115200,20260920-190512-outBroken-115200,20260920-190512-outBroken-115200.npz,2026_9_20_19-05-05-outBroken-115200.npz,2,outBroken,115200,115200,0.0,2.0,0,0.4620187125632157,0.0074676005045572,0.96,35.0,33.0,0.45,False,four_class,False,False,False
110,1,20260920-190512-outBroken-115200,20260920-190512-outBroken-115200,20260920-190512-outBroken-115200.npz,2026_9_20_19-05-05-outBroken-115200.npz,2,outBroken,115200,115200,2.0,2.0,20,0.4620187125632157,0.0074676005045572,0.96,34.5,33.0,0.45,False,four_class,False,False,False
111,2,20260920-190512-outBroken-115200,20260920-190512-outBroken-115200,20260920-190512-outBroken-115200.npz,2026_9_20_19-05-05-outBroken-115200.npz,2,outBroken,115200,115200,4.0,2.0,40,0.4620187125632157,0.0074676005045572,0.96,34.5,33.0,0.45,False,four_class,False,False,False
112,3,20260920-190512-outBroken-115200,20260920-190512-outBroken-115200,20260920-190512-outBroken-115200.npz,2026_9_20_19-05-05-outBroken-115200.npz,2,outBroken,115200,115200,6.0,2.0,60,0.4620187125632157,0.0074676005045572,0.96,34.0,33.0,0.45,False,four_class,False,False,False
113,4,20260920-190512-outBroken-115200,20260920-190512-outBroken-115200,20260920-190512-outBroken-115200.npz,2026_9_20_19-05-05-outBroken-115200.npz,2,outBroken,115200,115200,8.0,2.0,80,0.4620187125632157,0.0074676005045572,0.96,34.5,33.0,0.45,False,four_class,False,False,False
114,5,20260920-190512-outBroken-115200,20260920-190512-outBroken-115200,20260920-190512-outBroken-115200.npz,2026_9_20_19-05-05-outBroken-115200.npz,2,outBroken,115200,115200,10.0,2.0,100,0.4620187125632157,0.0074676005045572,0.96,35.0,33.0,0.45,False,four_class,False,False,False
115,6,20260920-190512-outBroken-115200,20260920-190512-outBroken-115200,20260920-190512-outBroken-115200.npz,2026_9_20_19-05-05-outBroken-115200.npz,2,outBroken,115200,115200,12.0,2.0,120,0.4620187125632157,0.0074676005045572,0.96,34.0,33.0,0.45,False,four_class,False,False,False
116,7,20260920-190512-outBroken-115200,20260920-190512-outBroken-115200,20260920-190512-outBroken-115200.npz,2026_9_20_19-05-05-outBroken-115200.npz,2,outBroken,115200,115200,14.0,2.0,140,0.4620187125632157,0.0074676005045572,0.96,34.5,33.0,0.45,False,four_class,False,False,False
117,8,20260920-190512-outBroken-115200,20260920-190512-outBroken-115200,20260920-190512-outBroken-115200.npz,2026_9_20_19-05-05-outBroken-115200.npz,2,outBroken,115200,115200,16.0,2.0,160,0.4620187125632157,0.0074676005045572,0.96,35.0,33.0,0.45,False,four_class,False,False,False
118,9,20260920-190512-outBroken-115200,20260920-190512-outBroken-115200,20260920-190512-outBroken-115200.npz,2026_9_20_19-05-05-outBroken-115200.npz,2,outBroken,115200,115200,18.0,2.0,180,0.4620187125632157,0.0074676005045572,0.96,34.5,33.0,0.45,False,four_class,False,False,False
119,10,20260920-190512-outBroken-115200,20260920-190512-outBroken-115200,20260920-190512-outBroken-115200.npz,2026_9_20_19-05-05-outBroken-115200.npz,2,outBroken,115200,115200,20.0,2.0,200,0.4620187125632157,0.0074676005045572,0.96,34.5,33.0,0.45,False,four_class,False,False,False
120,11,20260920-190512-outBroken-115200,20260920-190512-outBroken-115200,20260920-190512-outBroken-115200.npz,2026_9_20_19-05-05-outBroken-115200.npz,2,outBroken,115200,115200,22.0,2.0,220,0.4620187125632157,0.0074676005045572,0.96,34.5,33.0,0.45,False,four_class,False,False,False
121,12,20260920-190512-outBroken-115200,20260920-190512-outBroken-115200,20260920-190512-outBroken-115200.npz,2026_9_20_19-05-05-outBroken-115200.npz,2,outBroken,115200,115200,24.0,2.0,240,0.4620187125632157,0.0074676005045572,0.96,34.5,33.0,0.45,False,four_class,False,False,False
122,13,20260920-190512-outBroken-115200,20260920-190512-outBroken-115200,20260920-190512-outBroken-115200.npz,2026_9_20_19-05-05-outBroken-115200.npz,2,outBroken,115200,115200,26.0,2.0,260,0.4620187125632157,0.0074676005045572,0.96,34.0,33.0,0.45,False,four_class,False,False,False
123,14,20260920-190512-outBroken-115200,20260920-190512-outBroken-115200,20260920-190512-outBroken-115200.npz,2026_9_20_19-05-05-outBroken-115200.npz,2,outBroken,115200,115200,28.0,2.0,280,0.4620187125632157,0.0074676005045572,0.96,34.0,33.0,0.45,False,four_class,False,False,False
124,15,20260920-190512-outBroken-115200,20260920-190512-outBroken-115200,20260920-190512-outBroken-115200.npz,2026_9_20_19-05-05-outBroken-115200.npz,2,outBroken,115200,115200,30.0,2.0,300,0.4620187125632157,0.0074676005045572,0.96,34.5,33.0,0.45,False,four_class,False,False,False
125,16,20260920-190512-outBroken-115200,20260920-190512-outBroken-115200,20260920-190512-outBroken-115200.npz,2026_9_20_19-05-05-outBroken-115200.npz,2,outBroken,115200,115200,32.0,2.0,320,0.4620187125632157,0.0074676005045572,0.96,34.5,33.0,0.45,False,four_class,False,False,False
126,17,20260920-190512-outBroken-115200,20260920-190512-outBroken-115200,20260920-190512-outBroken-115200.npz,2026_9_20_19-05-05-outBroken-115200.npz,2,outBroken,115200,115200,34.0,2.0,340,0.4620187125632157,0.0074676005045572,0.96,34.5,33.0,0.45,False,four_class,False,False,False
127,18,20260920-190512-outBroken-115200,20260920-190512-outBroken-115200,20260920-190512-outBroken-115200.npz,2026_9_20_19-05-05-outBroken-115200.npz,2,outBroken,115200,115200,36.0,2.0,360,0.4620187125632157,0.0074676005045572,0.96,34.0,33.0,0.45,False,four_class,False,False,False
128,19,20260920-190512-outBroken-115200,20260920-190512-outBroken-115200,20260920-190512-outBroken-115200.npz,2026_9_20_19-05-05-outBroken-115200.npz,2,outBroken,115200,115200,38.0,2.0,380,0.4620187125632157,0.0074676005045572,0.96,34.0,33.0,0.45,False,four_class,False,False,False
129,20,20260920-190512-outBroken-115200,20260920-190512-outBroken-115200,20260920-190512-outBroken-115200.npz,2026_9_20_19-05-05-outBroken-115200.npz,2,outBroken,115200,115200,40.0,2.0,400,0.4620187125632157,0.0074676005045572,0.96,34.5,33.0,0.45,False,four_class,False,False,False
130,21,20260920-190512-outBroken-115200,20260920-190512-outBroken-115200,20260920-190512-outBroken-115200.npz,2026_9_20_19-05-05-outBroken-115200.npz,2,outBroken,115200,115200,42.0,2.0,420,0.4620187125632157,0.0074676005045572,0.96,34.5,33.0,0.45,False,four_class,False,False,False
131,22,20260920-190512-outBroken-115200,20260920-190512-outBroken-115200,20260920-190512-outBroken-115200.npz,2026_9_20_19-05-05-outBroken-115200.npz,2,outBroken,115200,115200,44.0,2.0,440,0.4620187125632157,0.0074676005045572,0.96,34.5,33.0,0.45,False,four_class,False,False,False
132,23,20260920-190512-outBroken-115200,20260920-190512-outBroken-115200,20260920-190512-outBroken-115200.npz,2026_9_20_19-05-05-outBroken-115200.npz,2,outBroken,115200,115200,46.0,2.0,460,0.4620187125632157,0.0074676005045572,0.96,34.5,33.0,0.45,False,four_class,False,False,False
133,24,20260920-190512-outBroken-115200,20260920-190512-outBroken-115200,20260920-190512-outBroken-115200.npz,2026_9_20_19-05-05-outBroken-115200.npz,2,outBroken,115200,115200,48.0,2.0,480,0.4620187125632157,0.0074676005045572,0.96,35.0,33.0,0.45,False,four_class,False,False,False
134,25,20260920-190512-outBroken-115200,20260920-190512-outBroken-115200,20260920-190512-outBroken-115200.npz,2026_9_20_19-05-05-outBroken-115200.npz,2,outBroken,115200,115200,50.0,2.0,500,0.4620187125632157,0.0074676005045572,0.96,34.5,33.0,0.45,False,four_class,False,False,False
135,26,20260920-190512-outBroken-115200,20260920-190512-outBroken-115200,20260920-190512-outBroken-115200.npz,2026_9_20_19-05-05-outBroken-115200.npz,2,outBroken,115200,115200,52.0,2.0,520,0.4620187125632157,0.0074676005045572,0.96,34.0,33.0,0.45,False,four_class,False,False,False
136,27,20260920-190512-outBroken-115200,20260920-190512-outBroken-115200,20260920-190512-outBroken-115200.npz,2026_9_20_19-05-05-outBroken-115200.npz,2,outBroken,115200,115200,54.0,2.0,540,0.4620187125632157,0.0074676005045572,0.96,34.5,33.0,0.45,False,four_class,False,False,False
137,28,20260920-190512-outBroken-115200,20260920-190512-outBroken-115200,20260920-190512-outBroken-115200.npz,2026_9_20_19-05-05-outBroken-115200.npz,2,outBroken,115200,115200,56.0,2.0,560,0.4620187125632157,0.0074676005045572,0.96,34.0,33.0,0.45,False,four_class,False,False,False
138,29,20260920-190512-outBroken-115200,20260920-190512-outBroken-115200,20260920-190512-outBroken-115200.npz,2026_9_20_19-05-05-outBroken-115200.npz,2,outBroken,115200,115200,58.0,2.0,580,0.4620187125632157,0.0074676005045572,0.96,34.5,33.0,0.45,False,four_class,False,False,False
139,30,20260920-190512-outBroken-115200,20260920-190512-outBroken-115200,20260920-190512-outBroken-115200.npz,2026_9_20_19-05-05-outBroken-115200.npz,2,outBroken,115200,115200,60.0,2.0,600,0.4620187125632157,0.0074676005045572,0.96,34.5,33.0,0.45,False,four_class,False,False,False
140,31,20260920-190512-outBroken-115200,20260920-190512-outBroken-115200,20260920-190512-outBroken-115200.npz,2026_9_20_19-05-05-outBroken-115200.npz,2,outBroken,115200,115200,62.0,2.0,620,0.4620187125632157,0.0074676005045572,0.96,34.5,33.0,0.45,False,four_class,False,False,False
141,32,20260920-190512-outBroken-115200,20260920-190512-outBroken-115200,20260920-190512-outBroken-115200.npz,2026_9_20_19-05-05-outBroken-115200.npz,2,outBroken,115200,115200,64.0,2.0,640,0.4620187125632157,0.0074676005045572,0.96,34.5,33.0,0.45,False,four_class,False,False,False
142,33,20260920-190512-outBroken-115200,20260920-190512-outBroken-115200,20260920-190512-outBroken-115200.npz,2026_9_20_19-05-05-outBroken-115200.npz,2,outBroken,115200,115200,66.0,2.0,660,0.4620187125632157,0.0074676005045572,0.96,34.0,33.0,0.45,False,four_class,False,False,False
143,34,20260920-190512-outBroken-115200,20260920-190512-outBroken-115200,20260920-190512-outBroken-115200.npz,2026_9_20_19-05-05-outBroken-115200.npz,2,outBroken,115200,115200,68.0,2.0,680,0.4620187125632157,0.0074676005045572,0.96,33.5,33.0,0.45,False,four_class,False,False,False
144,35,20260920-190512-outBroken-115200,20260920-190512-outBroken-115200,20260920-190512-outBroken-115200.npz,2026_9_20_19-05-05-outBroken-115200.npz,2,outBroken,115200,115200,70.0,2.0,700,0.4620187125632157,0.0074676005045572,0.96,34.5,33.0,0.45,False,four_class,False,False,False
145,36,20260920-190512-outBroken-115200,20260920-190512-outBroken-115200,20260920-190512-outBroken-115200.npz,2026_9_20_19-05-05-outBroken-115200.npz,2,outBroken,115200,115200,72.0,2.0,720,0.4620187125632157,0.0074676005045572,0.96,34.5,33.0,0.45,False,four_class,False,False,False
146,37,20260920-190512-outBroken-115200,20260920-190512-outBroken-115200,20260920-190512-outBroken-115200.npz,2026_9_20_19-05-05-outBroken-115200.npz,2,outBroken,115200,115200,74.0,2.0,740,0.4620187125632157,0.0074676005045572,0.96,34.5,33.0,0.45,False,four_class,False,False,False
147,38,20260920-190512-outBroken-115200,20260920-190512-outBroken-115200,20260920-190512-outBroken-115200.npz,2026_9_20_19-05-05-outBroken-115200.npz,2,outBroken,115200,115200,76.0,2.0,760,0.4620187125632157,0.0074676005045572,0.96,34.0,33.0,0.45,False,four_class,False,False,False
148,39,20260920-190512-outBroken-115200,20260920-190512-outBroken-115200,20260920-190512-outBroken-115200.npz,2026_9_20_19-05-05-outBroken-115200.npz,2,outBroken,115200,115200,78.0,2.0,780,0.4620187125632157,0.0074676005045572,0.96,34.5,33.0,0.45,False,four_class,False,False,False
149,40,20260920-190512-outBroken-115200,20260920-190512-outBroken-115200,20260920-190512-outBroken-115200.npz,2026_9_20_19-05-05-outBroken-115200.npz,2,outBroken,115200,115200,80.0,2.0,800,0.4620187125632157,0.0074676005045572,0.96,34.5,33.0,0.45,False,four_class,False,False,False
150,41,20260920-190512-outBroken-115200,20260920-190512-outBroken-115200,20260920-190512-outBroken-115200.npz,2026_9_20_19-05-05-outBroken-115200.npz,2,outBroken,115200,115200,82.0,2.0,820,0.4620187125632157,0.0074676005045572,0.96,34.5,33.0,0.45,False,four_class,False,False,False
151,42,20260920-190512-outBroken-115200,20260920-190512-outBroken-115200,20260920-190512-outBroken-115200.npz,2026_9_20_19-05-05-outBroken-115200.npz,2,outBroken,115200,115200,84.0,2.0,840,0.4620187125632157,0.0074676005045572,0.96,35.0,33.0,0.45,False,four_class,False,False,False
152,43,20260920-190512-outBroken-115200,20260920-190512-outBroken-115200,20260920-190512-outBroken-115200.npz,2026_9_20_19-05-05-outBroken-115200.npz,2,outBroken,115200,115200,86.0,2.0,860,0.4620187125632157,0.0074676005045572,0.96,34.0,33.0,0.45,False,four_class,False,False,False
153,44,20260920-190512-outBroken-115200,20260920-190512-outBroken-115200,20260920-190512-outBroken-115200.npz,2026_9_20_19-05-05-outBroken-115200.npz,2,outBroken,115200,115200,88.0,2.0,880,0.4620187125632157,0.0074676005045572,0.96,34.0,33.0,0.45,False,four_class,False,False,False
154,45,20260920-190512-outBroken-115200,20260920-190512-outBroken-115200,20260920-190512-outBroken-115200.npz,2026_9_20_19-05-05-outBroken-115200.npz,2,outBroken,115200,115200,90.0,2.0,900,0.4620187125632157,0.0074676005045572,0.96,33.5,33.0,0.45,False,four_class,False,False,False
155,46,20260920-190512-outBroken-115200,20260920-190512-outBroken-115200,20260920-190512-outBroken-115200.npz,2026_9_20_19-05-05-outBroken-115200.npz,2,outBroken,115200,115200,92.0,2.0,920,0.4620187125632157,0.0074676005045572,0.96,34.5,33.0,0.45,False,four_class,False,False,False
156,47,20260920-190512-outBroken-115200,20260920-190512-outBroken-115200,20260920-190512-outBroken-115200.npz,2026_9_20_19-05-05-outBroken-115200.npz,2,outBroken,115200,115200,94.0,2.0,940,0.4620187125632157,0.0074676005045572,0.96,34.0,33.0,0.45,False,four_class,False,False,False
157,48,20260920-190512-outBroken-115200,20260920-190512-outBroken-115200,20260920-190512-outBroken-115200.npz,2026_9_20_19-05-05-outBroken-115200.npz,2,outBroken,115200,115200,96.0,2.0,960,0.4620187125632157,0.0074676005045572,0.96,34.0,33.0,0.45,False,four_class,False,False,False
158,49,20260920-190512-outBroken-115200,20260920-190512-outBroken-115200,20260920-190512-outBroken-115200.npz,2026_9_20_19-05-05-outBroken-115200.npz,2,outBroken,115200,115200,98.0,2.0,980,0.4620187125632157,0.0074676005045572,0.96,34.5,33.0,0.45,False,four_class,False,False,False
159,0,20260920-190913-outBroken-460800,20260920-190913-outBroken-460800,20260920-190913-outBroken-460800.npz,2026_9_20_19-09-18-outBroken-460800.npz,2,outBroken,460800,460800,0.0,2.0,0,0.4620187125632157,0.0076140365600585,0.96,36.0,33.0,0.45,False,four_class,False,False,False
160,1,20260920-190913-outBroken-460800,20260920-190913-outBroken-460800,20260920-190913-outBroken-460800.npz,2026_9_20_19-09-18-outBroken-460800.npz,2,outBroken,460800,460800,2.0,2.0,20,0.4620187125632157,0.0076140365600585,0.96,36.0,33.0,0.45,False,four_class,False,False,False
161,2,20260920-190913-outBroken-460800,20260920-190913-outBroken-460800,20260920-190913-outBroken-460800.npz,2026_9_20_19-09-18-outBroken-460800.npz,2,outBroken,460800,460800,4.0,2.0,40,0.4620187125632157,0.0076140365600585,0.96,36.0,33.0,0.45,False,four_class,False,False,False
162,3,20260920-190913-outBroken-460800,20260920-190913-outBroken-460800,20260920-190913-outBroken-460800.npz,2026_9_20_19-09-18-outBroken-460800.npz,2,outBroken,460800,460800,6.0,2.0,60,0.4620187125632157,0.0076140365600585,0.96,35.0,33.0,0.45,False,four_class,False,False,False
163,4,20260920-190913-outBroken-460800,20260920-190913-outBroken-460800,20260920-190913-outBroken-460800.npz,2026_9_20_19-09-18-outBroken-460800.npz,2,outBroken,460800,460800,8.0,2.0,80,0.4620187125632157,0.0076140365600585,0.96,36.0,33.0,0.45,False,four_class,False,False,False
164,5,20260920-190913-outBroken-460800,20260920-190913-outBroken-460800,20260920-190913-outBroken-460800.npz,2026_9_20_19-09-18-outBroken-460800.npz,2,outBroken,460800,460800,10.0,2.0,100,0.4620187125632157,0.0076140365600585,0.96,35.5,33.0,0.45,False,four_class,False,False,False
165,6,20260920-190913-outBroken-460800,20260920-190913-outBroken-460800,20260920-190913-outBroken-460800.npz,2026_9_20_19-09-18-outBroken-460800.npz,2,outBroken,460800,460800,12.0,2.0,120,0.4620187125632157,0.0076140365600585,0.96,35.5,33.0,0.45,False,four_class,False,False,False
166,7,20260920-190913-outBroken-460800,20260920-190913-outBroken-460800,20260920-190913-outBroken-460800.npz,2026_9_20_19-09-18-outBroken-460800.npz,2,outBroken,460800,460800,14.0,2.0,140,0.4620187125632157,0.0076140365600585,0.96,36.0,33.0,0.45,False,four_class,False,False,False
167,8,20260920-190913-outBroken-460800,20260920-190913-outBroken-460800,20260920-190913-outBroken-460800.npz,2026_9_20_19-09-18-outBroken-460800.npz,2,outBroken,460800,460800,16.0,2.0,160,0.4620187125632157,0.0076140365600585,0.96,36.0,33.0,0.45,False,four_class,False,False,False
168,9,20260920-190913-outBroken-460800,20260920-190913-outBroken-460800,20260920-190913-outBroken-460800.npz,2026_9_20_19-09-18-outBroken-460800.npz,2,outBroken,460800,460800,18.0,2.0,180,0.4620187125632157,0.0076140365600585,0.96,35.5,33.0,0.45,False,four_class,False,False,False
169,10,20260920-190913-outBroken-460800,20260920-190913-outBroken-460800,20260920-190913-outBroken-460800.npz,2026_9_20_19-09-18-outBroken-460800.npz,2,outBroken,460800,460800,20.0,2.0,200,0.4620187125632157,0.0076140365600585,0.96,35.5,33.0,0.45,False,four_class,False,False,False
170,11,20260920-190913-outBroken-460800,20260920-190913-outBroken-460800,20260920-190913-outBroken-460800.npz,2026_9_20_19-09-18-outBroken-460800.npz,2,outBroken,460800,460800,22.0,2.0,220,0.4620187125632157,0.0076140365600585,0.96,35.5,33.0,0.45,False,four_class,False,False,False
171,12,20260920-190913-outBroken-460800,20260920-190913-outBroken-460800,20260920-190913-outBroken-460800.npz,2026_9_20_19-09-18-outBroken-460800.npz,2,outBroken,460800,460800,24.0,2.0,240,0.4620187125632157,0.0076140365600585,0.96,36.0,33.0,0.45,False,four_class,False,False,False
172,13,20260920-190913-outBroken-460800,20260920-190913-outBroken-460800,20260920-190913-outBroken-460800.npz,2026_9_20_19-09-18-outBroken-460800.npz,2,outBroken,460800,460800,26.0,2.0,260,0.4620187125632157,0.0076140365600585,0.96,35.5,33.0,0.45,False,four_class,False,False,False
173,14,20260920-190913-outBroken-460800,20260920-190913-outBroken-460800,20260920-190913-outBroken-460800.npz,2026_9_20_19-09-18-outBroken-460800.npz,2,outBroken,460800,460800,28.0,2.0,280,0.4620187125632157,0.0076140365600585,0.96,36.0,33.0,0.45,False,four_class,False,False,False
174,15,20260920-190913-outBroken-460800,20260920-190913-outBroken-460800,20260920-190913-outBroken-460800.npz,2026_9_20_19-09-18-outBroken-460800.npz,2,outBroken,460800,460800,30.0,2.0,300,0.4620187125632157,0.0076140365600585,0.96,36.0,33.0,0.45,False,four_class,False,False,False
175,16,20260920-190913-outBroken-460800,20260920-190913-outBroken-460800,20260920-190913-outBroken-460800.npz,2026_9_20_19-09-18-outBroken-460800.npz,2,outBroken,460800,460800,32.0,2.0,320,0.4620187125632157,0.0076140365600585,0.96,36.0,33.0,0.45,False,four_class,False,False,False
176,17,20260920-190913-outBroken-460800,20260920-190913-outBroken-460800,20260920-190913-outBroken-460800.npz,2026_9_20_19-09-18-outBroken-460800.npz,2,outBroken,460800,460800,34.0,2.0,340,0.4620187125632157,0.0076140365600585,0.96,36.0,33.0,0.45,False,four_class,False,False,False
177,18,20260920-190913-outBroken-460800,20260920-190913-outBroken-460800,20260920-190913-outBroken-460800.npz,2026_9_20_19-09-18-outBroken-460800.npz,2,outBroken,460800,460800,36.0,2.0,360,0.4620187125632157,0.0076140365600585,0.96,36.0,33.0,0.45,False,four_class,False,False,False
178,19,20260920-190913-outBroken-460800,20260920-190913-outBroken-460800,20260920-190913-outBroken-460800.npz,2026_9_20_19-09-18-outBroken-460800.npz,2,outBroken,460800,460800,38.0,2.0,380,0.4620187125632157,0.0076140365600585,0.96,36.0,33.0,0.45,False,four_class,False,False,False
179,20,20260920-190913-outBroken-460800,20260920-190913-outBroken-460800,20260920-190913-outBroken-460800.npz,2026_9_20_19-09-18-outBroken-460800.npz,2,outBroken,460800,460800,40.0,2.0,400,0.4620187125632157,0.0076140365600585,0.96,36.0,33.0,0.45,False,four_class,False,False,False
180,21,20260920-190913-outBroken-460800,20260920-190913-outBroken-460800,20260920-190913-outBroken-460800.npz,2026_9_20_19-09-18-outBroken-460800.npz,2,outBroken,460800,460800,42.0,2.0,420,0.4620187125632157,0.0076140365600585,0.96,36.0,33.0,0.45,False,four_class,False,False,False
181,22,20260920-190913-outBroken-460800,20260920-190913-outBroken-460800,20260920-190913-outBroken-460800.npz,2026_9_20_19-09-18-outBroken-460800.npz,2,outBroken,460800,460800,44.0,2.0,440,0.4620187125632157,0.0076140365600585,0.96,36.0,33.0,0.45,False,four_class,False,False,False
182,23,20260920-190913-outBroken-460800,20260920-190913-outBroken-460800,20260920-190913-outBroken-460800.npz,2026_9_20_19-09-18-outBroken-460800.npz,2,outBroken,460800,460800,46.0,2.0,460,0.4620187125632157,0.0076140365600585,0.96,36.0,33.0,0.45,False,four_class,False,False,False
183,24,20260920-190913-outBroken-460800,20260920-190913-outBroken-460800,20260920-190913-outBroken-460800.npz,2026_9_20_19-09-18-outBroken-460800.npz,2,outBroken,460800,460800,48.0,2.0,480,0.4620187125632157,0.0076140365600585,0.96,36.0,33.0,0.45,False,four_class,False,False,False
184,25,20260920-190913-outBroken-460800,20260920-190913-outBroken-460800,20260920-190913-outBroken-460800.npz,2026_9_20_19-09-18-outBroken-460800.npz,2,outBroken,460800,460800,50.0,2.0,500,0.4620187125632157,0.0076140365600585,0.96,36.0,33.0,0.45,False,four_class,False,False,False
185,26,20260920-190913-outBroken-460800,20260920-190913-outBroken-460800,20260920-190913-outBroken-460800.npz,2026_9_20_19-09-18-outBroken-460800.npz,2,outBroken,460800,460800,52.0,2.0,520,0.4620187125632157,0.0076140365600585,0.96,36.0,33.0,0.45,False,four_class,False,False,False
186,27,20260920-190913-outBroken-460800,20260920-190913-outBroken-460800,20260920-190913-outBroken-460800.npz,2026_9_20_19-09-18-outBroken-460800.npz,2,outBroken,460800,460800,54.0,2.0,540,0.4620187125632157,0.0076140365600585,0.96,10.0,33.0,0.45,False,four_class,False,False,False
187,28,20260920-190913-outBroken-460800,20260920-190913-outBroken-460800,20260920-190913-outBroken-460800.npz,2026_9_20_19-09-18-outBroken-460800.npz,2,outBroken,460800,460800,56.0,2.0,560,0.4620187125632157,0.0076140365600585,0.96,36.0,33.0,0.45,False,four_class,False,False,False
188,29,20260920-190913-outBroken-460800,20260920-190913-outBroken-460800,20260920-190913-outBroken-460800.npz,2026_9_20_19-09-18-outBroken-460800.npz,2,outBroken,460800,460800,58.0,2.0,580,0.4620187125632157,0.0076140365600585,0.96,10.0,33.0,0.45,False,four_class,False,False,False
189,30,20260920-190913-outBroken-460800,20260920-190913-outBroken-460800,20260920-190913-outBroken-460800.npz,2026_9_20_19-09-18-outBroken-460800.npz,2,outBroken,460800,460800,60.0,2.0,600,0.4620187125632157,0.0076140365600585,0.96,35.0,33.0,0.45,False,four_class,False,False,False
190,31,20260920-190913-outBroken-460800,20260920-190913-outBroken-460800,20260920-190913-outBroken-460800.npz,2026_9_20_19-09-18-outBroken-460800.npz,2,outBroken,460800,460800,62.0,2.0,620,0.4620187125632157,0.0076140365600585,0.96,36.0,33.0,0.45,False,four_class,False,False,False
191,32,20260920-190913-outBroken-460800,20260920-190913-outBroken-460800,20260920-190913-outBroken-460800.npz,2026_9_20_19-09-18-outBroken-460800.npz,2,outBroken,460800,460800,64.0,2.0,640,0.4620187125632157,0.0076140365600585,0.96,35.5,33.0,0.45,False,four_class,False,False,False
192,33,20260920-190913-outBroken-460800,20260920-190913-outBroken-460800,20260920-190913-outBroken-460800.npz,2026_9_20_19-09-18-outBroken-460800.npz,2,outBroken,460800,460800,66.0,2.0,660,0.4620187125632157,0.0076140365600585,0.96,36.0,33.0,0.45,False,four_class,False,False,False
193,34,20260920-190913-outBroken-460800,20260920-190913-outBroken-460800,20260920-190913-outBroken-460800.npz,2026_9_20_19-09-18-outBroken-460800.npz,2,outBroken,460800,460800,68.0,2.0,680,0.4620187125632157,0.0076140365600585,0.96,35.5,33.0,0.45,False,four_class,False,False,False
194,35,20260920-190913-outBroken-460800,20260920-190913-outBroken-460800,20260920-190913-outBroken-460800.npz,2026_9_20_19-09-18-outBroken-460800.npz,2,outBroken,460800,460800,70.0,2.0,700,0.4620187125632157,0.0076140365600585,0.96,36.0,33.0,0.45,False,four_class,False,False,False
195,36,20260920-190913-outBroken-460800,20260920-190913-outBroken-460800,20260920-190913-outBroken-460800.npz,2026_9_20_19-09-18-outBroken-460800.npz,2,outBroken,460800,460800,72.0,2.0,720,0.4620187125632157,0.0076140365600585,0.96,35.5,33.0,0.45,False,four_class,False,False,False
196,37,20260920-190913-outBroken-460800,20260920-190913-outBroken-460800,20260920-190913-outBroken-460800.npz,2026_9_20_19-09-18-outBroken-460800.npz,2,outBroken,460800,460800,74.0,2.0,740,0.4620187125632157,0.0076140365600585,0.96,35.5,33.0,0.45,False,four_class,False,False,False
197,38,20260920-190913-outBroken-460800,20260920-190913-outBroken-460800,20260920-190913-outBroken-460800.npz,2026_9_20_19-09-18-outBroken-460800.npz,2,outBroken,460800,460800,76.0,2.0,760,0.4620187125632157,0.0076140365600585,0.96,36.0,33.0,0.45,False,four_class,False,False,False
198,39,20260920-190913-outBroken-460800,20260920-190913-outBroken-460800,20260920-190913-outBroken-460800.npz,2026_9_20_19-09-18-outBroken-460800.npz,2,outBroken,460800,460800,78.0,2.0,780,0.4620187125632157,0.0076140365600585,0.96,36.0,33.0,0.45,False,four_class,False,False,False
199,40,20260920-190913-outBroken-460800,20260920-190913-outBroken-460800,20260920-190913-outBroken-460800.npz,2026_9_20_19-09-18-outBroken-460800.npz,2,outBroken,460800,460800,80.0,2.0,800,0.4620187125632157,0.0076140365600585,0.96,10.5,33.0,0.45,False,four_class,False,False,False
200,41,20260920-190913-outBroken-460800,20260920-190913-outBroken-460800,20260920-190913-outBroken-460800.npz,2026_9_20_19-09-18-outBroken-460800.npz,2,outBroken,460800,460800,82.0,2.0,820,0.4620187125632157,0.0076140365600585,0.96,10.0,33.0,0.45,False,four_class,False,False,False
201,42,20260920-190913-outBroken-460800,20260920-190913-outBroken-460800,20260920-190913-outBroken-460800.npz,2026_9_20_19-09-18-outBroken-460800.npz,2,outBroken,460800,460800,84.0,2.0,840,0.4620187125632157,0.0076140365600585,0.96,35.0,33.0,0.45,False,four_class,False,False,False
202,43,20260920-190913-outBroken-460800,20260920-190913-outBroken-460800,20260920-190913-outBroken-460800.npz,2026_9_20_19-09-18-outBroken-460800.npz,2,outBroken,460800,460800,86.0,2.0,860,0.4620187125632157,0.0076140365600585,0.96,36.0,33.0,0.45,False,four_class,False,False,False
203,44,20260920-190913-outBroken-460800,20260920-190913-outBroken-460800,20260920-190913-outBroken-460800.npz,2026_9_20_19-09-18-outBroken-460800.npz,2,outBroken,460800,460800,88.0,2.0,880,0.4620187125632157,0.0076140365600585,0.96,35.5,33.0,0.45,False,four_class,False,False,False
204,45,20260920-190913-outBroken-460800,20260920-190913-outBroken-460800,20260920-190913-outBroken-460800.npz,2026_9_20_19-09-18-outBroken-460800.npz,2,outBroken,460800,460800,90.0,2.0,900,0.4620187125632157,0.0076140365600585,0.96,36.0,33.0,0.45,False,four_class,False,False,False
205,46,20260920-190913-outBroken-460800,20260920-190913-outBroken-460800,20260920-190913-outBroken-460800.npz,2026_9_20_19-09-18-outBroken-460800.npz,2,outBroken,460800,460800,92.0,2.0,920,0.4620187125632157,0.0076140365600585,0.96,36.0,33.0,0.45,False,four_class,False,False,False
206,47,20260920-190913-outBroken-460800,20260920-190913-outBroken-460800,20260920-190913-outBroken-460800.npz,2026_9_20_19-09-18-outBroken-460800.npz,2,outBroken,460800,460800,94.0,2.0,940,0.4620187125632157,0.0076140365600585,0.96,36.0,33.0,0.45,False,four_class,False,False,False
207,48,20260920-190913-outBroken-460800,20260920-190913-outBroken-460800,20260920-190913-outBroken-460800.npz,2026_9_20_19-09-18-outBroken-460800.npz,2,outBroken,460800,460800,96.0,2.0,960,0.4620187125632157,0.0076140365600585,0.96,36.0,33.0,0.45,False,four_class,False,False,False
208,49,20260920-190913-outBroken-460800,20260920-190913-outBroken-460800,20260920-190913-outBroken-460800.npz,2026_9_20_19-09-18-outBroken-460800.npz,2,outBroken,460800,460800,98.0,2.0,980,0.4620187125632157,0.0076140365600585,0.96,35.5,33.0,0.45,False,four_class,False,False,False
209,0,20260920-192216-inBroken-115200,20260920-192216-inBroken-115200,20260920-192216-inBroken-115200.npz,2026_9_20_19-22-20-inBroken-115200.npz,1,inBroken,115200,115200,0.0,2.0,0,0.4620187125632157,0.0067803497314453,0.96,34.5,33.0,0.45,False,four_class,False,False,False
210,1,20260920-192216-inBroken-115200,20260920-192216-inBroken-115200,20260920-192216-inBroken-115200.npz,2026_9_20_19-22-20-inBroken-115200.npz,1,inBroken,115200,115200,2.0,2.0,20,0.4620187125632157,0.0067803497314453,0.96,34.5,33.0,0.45,False,four_class,False,False,False
211,2,20260920-192216-inBroken-115200,20260920-192216-inBroken-115200,20260920-192216-inBroken-115200.npz,2026_9_20_19-22-20-inBroken-115200.npz,1,inBroken,115200,115200,4.0,2.0,40,0.4620187125632157,0.0067803497314453,0.96,34.5,33.0,0.45,False,four_class,False,False,False
212,3,20260920-192216-inBroken-115200,20260920-192216-inBroken-115200,20260920-192216-inBroken-115200.npz,2026_9_20_19-22-20-inBroken-115200.npz,1,inBroken,115200,115200,6.0,2.0,60,0.4620187125632157,0.0067803497314453,0.96,34.5,33.0,0.45,False,four_class,False,False,False
213,4,20260920-192216-inBroken-115200,20260920-192216-inBroken-115200,20260920-192216-inBroken-115200.npz,2026_9_20_19-22-20-inBroken-115200.npz,1,inBroken,115200,115200,8.0,2.0,80,0.4620187125632157,0.0067803497314453,0.96,34.5,33.0,0.45,False,four_class,False,False,False
214,5,20260920-192216-inBroken-115200,20260920-192216-inBroken-115200,20260920-192216-inBroken-115200.npz,2026_9_20_19-22-20-inBroken-115200.npz,1,inBroken,115200,115200,10.0,2.0,100,0.4620187125632157,0.0067803497314453,0.96,34.5,33.0,0.45,False,four_class,False,False,False
215,6,20260920-192216-inBroken-115200,20260920-192216-inBroken-115200,20260920-192216-inBroken-115200.npz,2026_9_20_19-22-20-inBroken-115200.npz,1,inBroken,115200,115200,12.0,2.0,120,0.4620187125632157,0.0067803497314453,0.96,34.5,33.0,0.45,False,four_class,False,False,False
216,7,20260920-192216-inBroken-115200,20260920-192216-inBroken-115200,20260920-192216-inBroken-115200.npz,2026_9_20_19-22-20-inBroken-115200.npz,1,inBroken,115200,115200,14.0,2.0,140,0.4620187125632157,0.0067803497314453,0.96,34.5,33.0,0.45,False,four_class,False,False,False
217,8,20260920-192216-inBroken-115200,20260920-192216-inBroken-115200,20260920-192216-inBroken-115200.npz,2026_9_20_19-22-20-inBroken-115200.npz,1,inBroken,115200,115200,16.0,2.0,160,0.4620187125632157,0.0067803497314453,0.96,34.5,33.0,0.45,False,four_class,False,False,False
218,9,20260920-192216-inBroken-115200,20260920-192216-inBroken-115200,20260920-192216-inBroken-115200.npz,2026_9_20_19-22-20-inBroken-115200.npz,1,inBroken,115200,115200,18.0,2.0,180,0.4620187125632157,0.0067803497314453,0.96,34.5,33.0,0.45,False,four_class,False,False,False
219,10,20260920-192216-inBroken-115200,20260920-192216-inBroken-115200,20260920-192216-inBroken-115200.npz,2026_9_20_19-22-20-inBroken-115200.npz,1,inBroken,115200,115200,20.0,2.0,200,0.4620187125632157,0.0067803497314453,0.96,34.5,33.0,0.45,False,four_class,False,False,False
220,11,20260920-192216-inBroken-115200,20260920-192216-inBroken-115200,20260920-192216-inBroken-115200.npz,2026_9_20_19-22-20-inBroken-115200.npz,1,inBroken,115200,115200,22.0,2.0,220,0.4620187125632157,0.0067803497314453,0.96,34.5,33.0,0.45,False,four_class,False,False,False
221,12,20260920-192216-inBroken-115200,20260920-192216-inBroken-115200,20260920-192216-inBroken-115200.npz,2026_9_20_19-22-20-inBroken-115200.npz,1,inBroken,115200,115200,24.0,2.0,240,0.4620187125632157,0.0067803497314453,0.96,34.5,33.0,0.45,False,four_class,False,False,False
222,13,20260920-192216-inBroken-115200,20260920-192216-inBroken-115200,20260920-192216-inBroken-115200.npz,2026_9_20_19-22-20-inBroken-115200.npz,1,inBroken,115200,115200,26.0,2.0,260,0.4620187125632157,0.0067803497314453,0.96,34.5,33.0,0.45,False,four_class,False,False,False
223,14,20260920-192216-inBroken-115200,20260920-192216-inBroken-115200,20260920-192216-inBroken-115200.npz,2026_9_20_19-22-20-inBroken-115200.npz,1,inBroken,115200,115200,28.0,2.0,280,0.4620187125632157,0.0067803497314453,0.96,34.5,33.0,0.45,False,four_class,False,False,False
224,15,20260920-192216-inBroken-115200,20260920-192216-inBroken-115200,20260920-192216-inBroken-115200.npz,2026_9_20_19-22-20-inBroken-115200.npz,1,inBroken,115200,115200,30.0,2.0,300,0.4620187125632157,0.0067803497314453,0.96,34.5,33.0,0.45,False,four_class,False,False,False
225,16,20260920-192216-inBroken-115200,20260920-192216-inBroken-115200,20260920-192216-inBroken-115200.npz,2026_9_20_19-22-20-inBroken-115200.npz,1,inBroken,115200,115200,32.0,2.0,320,0.4620187125632157,0.0067803497314453,0.96,34.5,33.0,0.45,False,four_class,False,False,False
226,17,20260920-192216-inBroken-115200,20260920-192216-inBroken-115200,20260920-192216-inBroken-115200.npz,2026_9_20_19-22-20-inBroken-115200.npz,1,inBroken,115200,115200,34.0,2.0,340,0.4620187125632157,0.0067803497314453,0.96,34.5,33.0,0.45,False,four_class,False,False,False
227,18,20260920-192216-inBroken-115200,20260920-192216-inBroken-115200,20260920-192216-inBroken-115200.npz,2026_9_20_19-22-20-inBroken-115200.npz,1,inBroken,115200,115200,36.0,2.0,360,0.4620187125632157,0.0067803497314453,0.96,34.5,33.0,0.45,False,four_class,False,False,False
228,19,20260920-192216-inBroken-115200,20260920-192216-inBroken-115200,20260920-192216-inBroken-115200.npz,2026_9_20_19-22-20-inBroken-115200.npz,1,inBroken,115200,115200,38.0,2.0,380,0.4620187125632157,0.0067803497314453,0.96,34.5,33.0,0.45,False,four_class,False,False,False
229,20,20260920-192216-inBroken-115200,20260920-192216-inBroken-115200,20260920-192216-inBroken-115200.npz,2026_9_20_19-22-20-inBroken-115200.npz,1,inBroken,115200,115200,40.0,2.0,400,0.4620187125632157,0.0067803497314453,0.96,34.5,33.0,0.45,False,four_class,False,False,False
230,21,20260920-192216-inBroken-115200,20260920-192216-inBroken-115200,20260920-192216-inBroken-115200.npz,2026_9_20_19-22-20-inBroken-115200.npz,1,inBroken,115200,115200,42.0,2.0,420,0.4620187125632157,0.0067803497314453,0.96,34.5,33.0,0.45,False,four_class,False,False,False
231,22,20260920-192216-inBroken-115200,20260920-192216-inBroken-115200,20260920-192216-inBroken-115200.npz,2026_9_20_19-22-20-inBroken-115200.npz,1,inBroken,115200,115200,44.0,2.0,440,0.4620187125632157,0.0067803497314453,0.96,34.5,33.0,0.45,False,four_class,False,False,False
232,23,20260920-192216-inBroken-115200,20260920-192216-inBroken-115200,20260920-192216-inBroken-115200.npz,2026_9_20_19-22-20-inBroken-115200.npz,1,inBroken,115200,115200,46.0,2.0,460,0.4620187125632157,0.0067803497314453,0.96,34.5,33.0,0.45,False,four_class,False,False,False
233,24,20260920-192216-inBroken-115200,20260920-192216-inBroken-115200,20260920-192216-inBroken-115200.npz,2026_9_20_19-22-20-inBroken-115200.npz,1,inBroken,115200,115200,48.0,2.0,480,0.4620187125632157,0.0067803497314453,0.96,34.5,33.0,0.45,False,four_class,False,False,False
234,25,20260920-192216-inBroken-115200,20260920-192216-inBroken-115200,20260920-192216-inBroken-115200.npz,2026_9_20_19-22-20-inBroken-115200.npz,1,inBroken,115200,115200,50.0,2.0,500,0.4620187125632157,0.0067803497314453,0.96,34.5,33.0,0.45,False,four_class,False,False,False
235,26,20260920-192216-inBroken-115200,20260920-192216-inBroken-115200,20260920-192216-inBroken-115200.npz,2026_9_20_19-22-20-inBroken-115200.npz,1,inBroken,115200,115200,52.0,2.0,520,0.4620187125632157,0.0067803497314453,0.96,34.5,33.0,0.45,False,four_class,False,False,False
236,27,20260920-192216-inBroken-115200,20260920-192216-inBroken-115200,20260920-192216-inBroken-115200.npz,2026_9_20_19-22-20-inBroken-115200.npz,1,inBroken,115200,115200,54.0,2.0,540,0.4620187125632157,0.0067803497314453,0.96,34.5,33.0,0.45,False,four_class,False,False,False
237,28,20260920-192216-inBroken-115200,20260920-192216-inBroken-115200,20260920-192216-inBroken-115200.npz,2026_9_20_19-22-20-inBroken-115200.npz,1,inBroken,115200,115200,56.0,2.0,560,0.4620187125632157,0.0067803497314453,0.96,34.5,33.0,0.45,False,four_class,False,False,False
238,29,20260920-192216-inBroken-115200,20260920-192216-inBroken-115200,20260920-192216-inBroken-115200.npz,2026_9_20_19-22-20-inBroken-115200.npz,1,inBroken,115200,115200,58.0,2.0,580,0.4620187125632157,0.0067803497314453,0.96,34.5,33.0,0.45,False,four_class,False,False,False
239,30,20260920-192216-inBroken-115200,20260920-192216-inBroken-115200,20260920-192216-inBroken-115200.npz,2026_9_20_19-22-20-inBroken-115200.npz,1,inBroken,115200,115200,60.0,2.0,600,0.4620187125632157,0.0067803497314453,0.96,34.5,33.0,0.45,False,four_class,False,False,False
240,31,20260920-192216-inBroken-115200,20260920-192216-inBroken-115200,20260920-192216-inBroken-115200.npz,2026_9_20_19-22-20-inBroken-115200.npz,1,inBroken,115200,115200,62.0,2.0,620,0.4620187125632157,0.0067803497314453,0.96,34.5,33.0,0.45,False,four_class,False,False,False
241,32,20260920-192216-inBroken-115200,20260920-192216-inBroken-115200,20260920-192216-inBroken-115200.npz,2026_9_20_19-22-20-inBroken-115200.npz,1,inBroken,115200,115200,64.0,2.0,640,0.4620187125632157,0.0067803497314453,0.96,34.5,33.0,0.45,False,four_class,False,False,False
242,33,20260920-192216-inBroken-115200,20260920-192216-inBroken-115200,20260920-192216-inBroken-115200.npz,2026_9_20_19-22-20-inBroken-115200.npz,1,inBroken,115200,115200,66.0,2.0,660,0.4620187125632157,0.0067803497314453,0.96,34.5,33.0,0.45,False,four_class,False,False,False
243,34,20260920-192216-inBroken-115200,20260920-192216-inBroken-115200,20260920-192216-inBroken-115200.npz,2026_9_20_19-22-20-inBroken-115200.npz,1,inBroken,115200,115200,68.0,2.0,680,0.4620187125632157,0.0067803497314453,0.96,34.5,33.0,0.45,False,four_class,False,False,False
244,35,20260920-192216-inBroken-115200,20260920-192216-inBroken-115200,20260920-192216-inBroken-115200.npz,2026_9_20_19-22-20-inBroken-115200.npz,1,inBroken,115200,115200,70.0,2.0,700,0.4620187125632157,0.0067803497314453,0.96,34.5,33.0,0.45,False,four_class,False,False,False
245,36,20260920-192216-inBroken-115200,20260920-192216-inBroken-115200,20260920-192216-inBroken-115200.npz,2026_9_20_19-22-20-inBroken-115200.npz,1,inBroken,115200,115200,72.0,2.0,720,0.4620187125632157,0.0067803497314453,0.96,34.5,33.0,0.45,False,four_class,False,False,False
246,37,20260920-192216-inBroken-115200,20260920-192216-inBroken-115200,20260920-192216-inBroken-115200.npz,2026_9_20_19-22-20-inBroken-115200.npz,1,inBroken,115200,115200,74.0,2.0,740,0.4620187125632157,0.0067803497314453,0.96,34.5,33.0,0.45,False,four_class,False,False,False
247,38,20260920-192216-inBroken-115200,20260920-192216-inBroken-115200,20260920-192216-inBroken-115200.npz,2026_9_20_19-22-20-inBroken-115200.npz,1,inBroken,115200,115200,76.0,2.0,760,0.4620187125632157,0.0067803497314453,0.96,10.0,33.0,0.45,False,four_class,False,False,False
248,39,20260920-192216-inBroken-115200,20260920-192216-inBroken-115200,20260920-192216-inBroken-115200.npz,2026_9_20_19-22-20-inBroken-115200.npz,1,inBroken,115200,115200,78.0,2.0,780,0.4620187125632157,0.0067803497314453,0.96,34.5,33.0,0.45,False,four_class,False,False,False
249,40,20260920-192216-inBroken-115200,20260920-192216-inBroken-115200,20260920-192216-inBroken-115200.npz,2026_9_20_19-22-20-inBroken-115200.npz,1,inBroken,115200,115200,80.0,2.0,800,0.4620187125632157,0.0067803497314453,0.96,34.5,33.0,0.45,False,four_class,False,False,False
250,41,20260920-192216-inBroken-115200,20260920-192216-inBroken-115200,20260920-192216-inBroken-115200.npz,2026_9_20_19-22-20-inBroken-115200.npz,1,inBroken,115200,115200,82.0,2.0,820,0.4620187125632157,0.0067803497314453,0.96,34.5,33.0,0.45,False,four_class,False,False,False
251,42,20260920-192216-inBroken-115200,20260920-192216-inBroken-115200,20260920-192216-inBroken-115200.npz,2026_9_20_19-22-20-inBroken-115200.npz,1,inBroken,115200,115200,84.0,2.0,840,0.4620187125632157,0.0067803497314453,0.96,34.5,33.0,0.45,False,four_class,False,False,False
252,43,20260920-192216-inBroken-115200,20260920-192216-inBroken-115200,20260920-192216-inBroken-115200.npz,2026_9_20_19-22-20-inBroken-115200.npz,1,inBroken,115200,115200,86.0,2.0,860,0.4620187125632157,0.0067803497314453,0.96,34.5,33.0,0.45,False,four_class,False,False,False
253,44,20260920-192216-inBroken-115200,20260920-192216-inBroken-115200,20260920-192216-inBroken-115200.npz,2026_9_20_19-22-20-inBroken-115200.npz,1,inBroken,115200,115200,88.0,2.0,880,0.4620187125632157,0.0067803497314453,0.96,34.5,33.0,0.45,False,four_class,False,False,False
254,45,20260920-192216-inBroken-115200,20260920-192216-inBroken-115200,20260920-192216-inBroken-115200.npz,2026_9_20_19-22-20-inBroken-115200.npz,1,inBroken,115200,115200,90.0,2.0,900,0.4620187125632157,0.0067803497314453,0.96,34.5,33.0,0.45,False,four_class,False,False,False
255,46,20260920-192216-inBroken-115200,20260920-192216-inBroken-115200,20260920-192216-inBroken-115200.npz,2026_9_20_19-22-20-inBroken-115200.npz,1,inBroken,115200,115200,92.0,2.0,920,0.4620187125632157,0.0067803497314453,0.96,34.5,33.0,0.45,False,four_class,False,False,False
256,47,20260920-192216-inBroken-115200,20260920-192216-inBroken-115200,20260920-192216-inBroken-115200.npz,2026_9_20_19-22-20-inBroken-115200.npz,1,inBroken,115200,115200,94.0,2.0,940,0.4620187125632157,0.0067803497314453,0.96,34.5,33.0,0.45,False,four_class,False,False,False
257,48,20260920-192216-inBroken-115200,20260920-192216-inBroken-115200,20260920-192216-inBroken-115200.npz,2026_9_20_19-22-20-inBroken-115200.npz,1,inBroken,115200,115200,96.0,2.0,960,0.4620187125632157,0.0067803497314453,0.96,34.5,33.0,0.45,False,four_class,False,False,False
258,49,20260920-192216-inBroken-115200,20260920-192216-inBroken-115200,20260920-192216-inBroken-115200.npz,2026_9_20_19-22-20-inBroken-115200.npz,1,inBroken,115200,115200,98.0,2.0,980,0.4620187125632157,0.0067803497314453,0.96,34.5,33.0,0.45,False,four_class,False,False,False
259,0,20260920-192610-inBroken-460800,20260920-192610-inBroken-460800,20260920-192610-inBroken-460800.npz,2026_9_20_19-26-17-inBroken-460800.npz,1,inBroken,460800,460800,0.0,2.0,0,0.4620187125632157,0.0066910263759637,0.96,33.0,33.0,0.45,False,four_class,False,False,False
260,1,20260920-192610-inBroken-460800,20260920-192610-inBroken-460800,20260920-192610-inBroken-460800.npz,2026_9_20_19-26-17-inBroken-460800.npz,1,inBroken,460800,460800,2.0,2.0,20,0.4620187125632157,0.0066910263759637,0.96,33.5,33.0,0.45,False,four_class,False,False,False
261,2,20260920-192610-inBroken-460800,20260920-192610-inBroken-460800,20260920-192610-inBroken-460800.npz,2026_9_20_19-26-17-inBroken-460800.npz,1,inBroken,460800,460800,4.0,2.0,40,0.4620187125632157,0.0066910263759637,0.96,33.0,33.0,0.45,False,four_class,False,False,False
262,3,20260920-192610-inBroken-460800,20260920-192610-inBroken-460800,20260920-192610-inBroken-460800.npz,2026_9_20_19-26-17-inBroken-460800.npz,1,inBroken,460800,460800,6.0,2.0,60,0.4620187125632157,0.0066910263759637,0.96,33.0,33.0,0.45,False,four_class,False,False,False
263,4,20260920-192610-inBroken-460800,20260920-192610-inBroken-460800,20260920-192610-inBroken-460800.npz,2026_9_20_19-26-17-inBroken-460800.npz,1,inBroken,460800,460800,8.0,2.0,80,0.4620187125632157,0.0066910263759637,0.96,33.5,33.0,0.45,False,four_class,False,False,False
264,5,20260920-192610-inBroken-460800,20260920-192610-inBroken-460800,20260920-192610-inBroken-460800.npz,2026_9_20_19-26-17-inBroken-460800.npz,1,inBroken,460800,460800,10.0,2.0,100,0.4620187125632157,0.0066910263759637,0.96,33.0,33.0,0.45,False,four_class,False,False,False
265,6,20260920-192610-inBroken-460800,20260920-192610-inBroken-460800,20260920-192610-inBroken-460800.npz,2026_9_20_19-26-17-inBroken-460800.npz,1,inBroken,460800,460800,12.0,2.0,120,0.4620187125632157,0.0066910263759637,0.96,33.0,33.0,0.45,False,four_class,False,False,False
266,7,20260920-192610-inBroken-460800,20260920-192610-inBroken-460800,20260920-192610-inBroken-460800.npz,2026_9_20_19-26-17-inBroken-460800.npz,1,inBroken,460800,460800,14.0,2.0,140,0.4620187125632157,0.0066910263759637,0.96,33.0,33.0,0.45,False,four_class,False,False,False
267,8,20260920-192610-inBroken-460800,20260920-192610-inBroken-460800,20260920-192610-inBroken-460800.npz,2026_9_20_19-26-17-inBroken-460800.npz,1,inBroken,460800,460800,16.0,2.0,160,0.4620187125632157,0.0066910263759637,0.96,33.5,33.0,0.45,False,four_class,False,False,False
268,9,20260920-192610-inBroken-460800,20260920-192610-inBroken-460800,20260920-192610-inBroken-460800.npz,2026_9_20_19-26-17-inBroken-460800.npz,1,inBroken,460800,460800,18.0,2.0,180,0.4620187125632157,0.0066910263759637,0.96,33.0,33.0,0.45,False,four_class,False,False,False
269,10,20260920-192610-inBroken-460800,20260920-192610-inBroken-460800,20260920-192610-inBroken-460800.npz,2026_9_20_19-26-17-inBroken-460800.npz,1,inBroken,460800,460800,20.0,2.0,200,0.4620187125632157,0.0066910263759637,0.96,33.0,33.0,0.45,False,four_class,False,False,False
270,11,20260920-192610-inBroken-460800,20260920-192610-inBroken-460800,20260920-192610-inBroken-460800.npz,2026_9_20_19-26-17-inBroken-460800.npz,1,inBroken,460800,460800,22.0,2.0,220,0.4620187125632157,0.0066910263759637,0.96,33.0,33.0,0.45,False,four_class,False,False,False
271,12,20260920-192610-inBroken-460800,20260920-192610-inBroken-460800,20260920-192610-inBroken-460800.npz,2026_9_20_19-26-17-inBroken-460800.npz,1,inBroken,460800,460800,24.0,2.0,240,0.4620187125632157,0.0066910263759637,0.96,33.0,33.0,0.45,False,four_class,False,False,False
272,13,20260920-192610-inBroken-460800,20260920-192610-inBroken-460800,20260920-192610-inBroken-460800.npz,2026_9_20_19-26-17-inBroken-460800.npz,1,inBroken,460800,460800,26.0,2.0,260,0.4620187125632157,0.0066910263759637,0.96,33.0,33.0,0.45,False,four_class,False,False,False
273,14,20260920-192610-inBroken-460800,20260920-192610-inBroken-460800,20260920-192610-inBroken-460800.npz,2026_9_20_19-26-17-inBroken-460800.npz,1,inBroken,460800,460800,28.0,2.0,280,0.4620187125632157,0.0066910263759637,0.96,33.0,33.0,0.45,False,four_class,False,False,False
274,15,20260920-192610-inBroken-460800,20260920-192610-inBroken-460800,20260920-192610-inBroken-460800.npz,2026_9_20_19-26-17-inBroken-460800.npz,1,inBroken,460800,460800,30.0,2.0,300,0.4620187125632157,0.0066910263759637,0.96,33.0,33.0,0.45,False,four_class,False,False,False
275,16,20260920-192610-inBroken-460800,20260920-192610-inBroken-460800,20260920-192610-inBroken-460800.npz,2026_9_20_19-26-17-inBroken-460800.npz,1,inBroken,460800,460800,32.0,2.0,320,0.4620187125632157,0.0066910263759637,0.96,33.0,33.0,0.45,False,four_class,False,False,False
276,17,20260920-192610-inBroken-460800,20260920-192610-inBroken-460800,20260920-192610-inBroken-460800.npz,2026_9_20_19-26-17-inBroken-460800.npz,1,inBroken,460800,460800,34.0,2.0,340,0.4620187125632157,0.0066910263759637,0.96,33.0,33.0,0.45,False,four_class,False,False,False
277,18,20260920-192610-inBroken-460800,20260920-192610-inBroken-460800,20260920-192610-inBroken-460800.npz,2026_9_20_19-26-17-inBroken-460800.npz,1,inBroken,460800,460800,36.0,2.0,360,0.4620187125632157,0.0066910263759637,0.96,33.0,33.0,0.45,False,four_class,False,False,False
278,19,20260920-192610-inBroken-460800,20260920-192610-inBroken-460800,20260920-192610-inBroken-460800.npz,2026_9_20_19-26-17-inBroken-460800.npz,1,inBroken,460800,460800,38.0,2.0,380,0.4620187125632157,0.0066910263759637,0.96,33.0,33.0,0.45,False,four_class,False,False,False
279,20,20260920-192610-inBroken-460800,20260920-192610-inBroken-460800,20260920-192610-inBroken-460800.npz,2026_9_20_19-26-17-inBroken-460800.npz,1,inBroken,460800,460800,40.0,2.0,400,0.4620187125632157,0.0066910263759637,0.96,33.0,33.0,0.45,False,four_class,False,False,False
280,21,20260920-192610-inBroken-460800,20260920-192610-inBroken-460800,20260920-192610-inBroken-460800.npz,2026_9_20_19-26-17-inBroken-460800.npz,1,inBroken,460800,460800,42.0,2.0,420,0.4620187125632157,0.0066910263759637,0.96,33.0,33.0,0.45,False,four_class,False,False,False
281,22,20260920-192610-inBroken-460800,20260920-192610-inBroken-460800,20260920-192610-inBroken-460800.npz,2026_9_20_19-26-17-inBroken-460800.npz,1,inBroken,460800,460800,44.0,2.0,440,0.4620187125632157,0.0066910263759637,0.96,33.5,33.0,0.45,False,four_class,False,False,False
282,23,20260920-192610-inBroken-460800,20260920-192610-inBroken-460800,20260920-192610-inBroken-460800.npz,2026_9_20_19-26-17-inBroken-460800.npz,1,inBroken,460800,460800,46.0,2.0,460,0.4620187125632157,0.0066910263759637,0.96,33.0,33.0,0.45,False,four_class,False,False,False
283,24,20260920-192610-inBroken-460800,20260920-192610-inBroken-460800,20260920-192610-inBroken-460800.npz,2026_9_20_19-26-17-inBroken-460800.npz,1,inBroken,460800,460800,48.0,2.0,480,0.4620187125632157,0.0066910263759637,0.96,33.0,33.0,0.45,False,four_class,False,False,False
284,25,20260920-192610-inBroken-460800,20260920-192610-inBroken-460800,20260920-192610-inBroken-460800.npz,2026_9_20_19-26-17-inBroken-460800.npz,1,inBroken,460800,460800,50.0,2.0,500,0.4620187125632157,0.0066910263759637,0.96,33.0,33.0,0.45,False,four_class,False,False,False
285,26,20260920-192610-inBroken-460800,20260920-192610-inBroken-460800,20260920-192610-inBroken-460800.npz,2026_9_20_19-26-17-inBroken-460800.npz,1,inBroken,460800,460800,52.0,2.0,520,0.4620187125632157,0.0066910263759637,0.96,33.5,33.0,0.45,False,four_class,False,False,False
286,27,20260920-192610-inBroken-460800,20260920-192610-inBroken-460800,20260920-192610-inBroken-460800.npz,2026_9_20_19-26-17-inBroken-460800.npz,1,inBroken,460800,460800,54.0,2.0,540,0.4620187125632157,0.0066910263759637,0.96,33.0,33.0,0.45,False,four_class,False,False,False
287,28,20260920-192610-inBroken-460800,20260920-192610-inBroken-460800,20260920-192610-inBroken-460800.npz,2026_9_20_19-26-17-inBroken-460800.npz,1,inBroken,460800,460800,56.0,2.0,560,0.4620187125632157,0.0066910263759637,0.96,33.0,33.0,0.45,False,four_class,False,False,False
288,29,20260920-192610-inBroken-460800,20260920-192610-inBroken-460800,20260920-192610-inBroken-460800.npz,2026_9_20_19-26-17-inBroken-460800.npz,1,inBroken,460800,460800,58.0,2.0,580,0.4620187125632157,0.0066910263759637,0.96,33.0,33.0,0.45,False,four_class,False,False,False
289,30,20260920-192610-inBroken-460800,20260920-192610-inBroken-460800,20260920-192610-inBroken-460800.npz,2026_9_20_19-26-17-inBroken-460800.npz,1,inBroken,460800,460800,60.0,2.0,600,0.4620187125632157,0.0066910263759637,0.96,33.0,33.0,0.45,False,four_class,False,False,False
290,31,20260920-192610-inBroken-460800,20260920-192610-inBroken-460800,20260920-192610-inBroken-460800.npz,2026_9_20_19-26-17-inBroken-460800.npz,1,inBroken,460800,460800,62.0,2.0,620,0.4620187125632157,0.0066910263759637,0.96,33.0,33.0,0.45,False,four_class,False,False,False
291,32,20260920-192610-inBroken-460800,20260920-192610-inBroken-460800,20260920-192610-inBroken-460800.npz,2026_9_20_19-26-17-inBroken-460800.npz,1,inBroken,460800,460800,64.0,2.0,640,0.4620187125632157,0.0066910263759637,0.96,33.5,33.0,0.45,False,four_class,False,False,False
292,33,20260920-192610-inBroken-460800,20260920-192610-inBroken-460800,20260920-192610-inBroken-460800.npz,2026_9_20_19-26-17-inBroken-460800.npz,1,inBroken,460800,460800,66.0,2.0,660,0.4620187125632157,0.0066910263759637,0.96,33.0,33.0,0.45,False,four_class,False,False,False
293,34,20260920-192610-inBroken-460800,20260920-192610-inBroken-460800,20260920-192610-inBroken-460800.npz,2026_9_20_19-26-17-inBroken-460800.npz,1,inBroken,460800,460800,68.0,2.0,680,0.4620187125632157,0.0066910263759637,0.96,33.5,33.0,0.45,False,four_class,False,False,False
294,35,20260920-192610-inBroken-460800,20260920-192610-inBroken-460800,20260920-192610-inBroken-460800.npz,2026_9_20_19-26-17-inBroken-460800.npz,1,inBroken,460800,460800,70.0,2.0,700,0.4620187125632157,0.0066910263759637,0.96,33.0,33.0,0.45,False,four_class,False,False,False
295,36,20260920-192610-inBroken-460800,20260920-192610-inBroken-460800,20260920-192610-inBroken-460800.npz,2026_9_20_19-26-17-inBroken-460800.npz,1,inBroken,460800,460800,72.0,2.0,720,0.4620187125632157,0.0066910263759637,0.96,33.0,33.0,0.45,False,four_class,False,False,False
296,37,20260920-192610-inBroken-460800,20260920-192610-inBroken-460800,20260920-192610-inBroken-460800.npz,2026_9_20_19-26-17-inBroken-460800.npz,1,inBroken,460800,460800,74.0,2.0,740,0.4620187125632157,0.0066910263759637,0.96,33.0,33.0,0.45,False,four_class,False,False,False
297,38,20260920-192610-inBroken-460800,20260920-192610-inBroken-460800,20260920-192610-inBroken-460800.npz,2026_9_20_19-26-17-inBroken-460800.npz,1,inBroken,460800,460800,76.0,2.0,760,0.4620187125632157,0.0066910263759637,0.96,33.5,33.0,0.45,False,four_class,False,False,False
298,39,20260920-192610-inBroken-460800,20260920-192610-inBroken-460800,20260920-192610-inBroken-460800.npz,2026_9_20_19-26-17-inBroken-460800.npz,1,inBroken,460800,460800,78.0,2.0,780,0.4620187125632157,0.0066910263759637,0.96,33.5,33.0,0.45,False,four_class,False,False,False
299,40,20260920-192610-inBroken-460800,20260920-192610-inBroken-460800,20260920-192610-inBroken-460800.npz,2026_9_20_19-26-17-inBroken-460800.npz,1,inBroken,460800,460800,80.0,2.0,800,0.4620187125632157,0.0066910263759637,0.96,33.0,33.0,0.45,False,four_class,False,False,False
300,41,20260920-192610-inBroken-460800,20260920-192610-inBroken-460800,20260920-192610-inBroken-460800.npz,2026_9_20_19-26-17-inBroken-460800.npz,1,inBroken,460800,460800,82.0,2.0,820,0.4620187125632157,0.0066910263759637,0.96,33.0,33.0,0.45,False,four_class,False,False,False
301,42,20260920-192610-inBroken-460800,20260920-192610-inBroken-460800,20260920-192610-inBroken-460800.npz,2026_9_20_19-26-17-inBroken-460800.npz,1,inBroken,460800,460800,84.0,2.0,840,0.4620187125632157,0.0066910263759637,0.96,33.0,33.0,0.45,False,four_class,False,False,False
302,43,20260920-192610-inBroken-460800,20260920-192610-inBroken-460800,20260920-192610-inBroken-460800.npz,2026_9_20_19-26-17-inBroken-460800.npz,1,inBroken,460800,460800,86.0,2.0,860,0.4620187125632157,0.0066910263759637,0.96,33.0,33.0,0.45,False,four_class,False,False,False
303,44,20260920-192610-inBroken-460800,20260920-192610-inBroken-460800,20260920-192610-inBroken-460800.npz,2026_9_20_19-26-17-inBroken-460800.npz,1,inBroken,460800,460800,88.0,2.0,880,0.4620187125632157,0.0066910263759637,0.96,33.0,33.0,0.45,False,four_class,False,False,False
304,45,20260920-192610-inBroken-460800,20260920-192610-inBroken-460800,20260920-192610-inBroken-460800.npz,2026_9_20_19-26-17-inBroken-460800.npz,1,inBroken,460800,460800,90.0,2.0,900,0.4620187125632157,0.0066910263759637,0.96,33.0,33.0,0.45,False,four_class,False,False,False
305,46,20260920-192610-inBroken-460800,20260920-192610-inBroken-460800,20260920-192610-inBroken-460800.npz,2026_9_20_19-26-17-inBroken-460800.npz,1,inBroken,460800,460800,92.0,2.0,920,0.4620187125632157,0.0066910263759637,0.96,33.0,33.0,0.45,False,four_class,False,False,False
306,47,20260920-192610-inBroken-460800,20260920-192610-inBroken-460800,20260920-192610-inBroken-460800.npz,2026_9_20_19-26-17-inBroken-460800.npz,1,inBroken,460800,460800,94.0,2.0,940,0.4620187125632157,0.0066910263759637,0.96,33.0,33.0,0.45,False,four_class,False,False,False
307,48,20260920-192610-inBroken-460800,20260920-192610-inBroken-460800,20260920-192610-inBroken-460800.npz,2026_9_20_19-26-17-inBroken-460800.npz,1,inBroken,460800,460800,96.0,2.0,960,0.4620187125632157,0.0066910263759637,0.96,33.0,33.0,0.45,False,four_class,False,False,False
308,49,20260920-192610-inBroken-460800,20260920-192610-inBroken-460800,20260920-192610-inBroken-460800.npz,2026_9_20_19-26-17-inBroken-460800.npz,1,inBroken,460800,460800,98.0,2.0,980,0.4620187125632157,0.0066910263759637,0.96,33.0,33.0,0.45,False,four_class,False,False,False
309,50,20260920-192610-inBroken-460800,20260920-192610-inBroken-460800,20260920-192610-inBroken-460800.npz,2026_9_20_19-26-17-inBroken-460800.npz,1,inBroken,460800,460800,100.0,2.0,1000,0.4620187125632157,0.0066910263759637,0.96,33.0,33.0,0.45,False,four_class,False,False,False
310,0,20260920-193718-roll-115200,20260920-193718-roll-115200,20260920-193718-roll-115200.npz,2026_9_20_19-37-24-roll-115200.npz,3,roll,115200,115200,0.0,2.0,0,0.4821064826746599,0.0057280446968826,0.96,33.0,33.0,0.45,False,four_class,False,False,False
311,1,20260920-193718-roll-115200,20260920-193718-roll-115200,20260920-193718-roll-115200.npz,2026_9_20_19-37-24-roll-115200.npz,3,roll,115200,115200,2.0,2.0,20,0.4821064826746599,0.0057280446968826,0.96,33.0,33.0,0.45,False,four_class,False,False,False
312,2,20260920-193718-roll-115200,20260920-193718-roll-115200,20260920-193718-roll-115200.npz,2026_9_20_19-37-24-roll-115200.npz,3,roll,115200,115200,4.0,2.0,40,0.4821064826746599,0.0057280446968826,0.96,33.5,33.0,0.45,False,four_class,False,False,False
313,3,20260920-193718-roll-115200,20260920-193718-roll-115200,20260920-193718-roll-115200.npz,2026_9_20_19-37-24-roll-115200.npz,3,roll,115200,115200,6.0,2.0,60,0.4821064826746599,0.0057280446968826,0.96,33.5,33.0,0.45,False,four_class,False,False,False
314,4,20260920-193718-roll-115200,20260920-193718-roll-115200,20260920-193718-roll-115200.npz,2026_9_20_19-37-24-roll-115200.npz,3,roll,115200,115200,8.0,2.0,80,0.4821064826746599,0.0057280446968826,0.96,33.0,33.0,0.45,False,four_class,False,False,False
315,5,20260920-193718-roll-115200,20260920-193718-roll-115200,20260920-193718-roll-115200.npz,2026_9_20_19-37-24-roll-115200.npz,3,roll,115200,115200,10.0,2.0,100,0.4821064826746599,0.0057280446968826,0.96,33.0,33.0,0.45,False,four_class,False,False,False
316,6,20260920-193718-roll-115200,20260920-193718-roll-115200,20260920-193718-roll-115200.npz,2026_9_20_19-37-24-roll-115200.npz,3,roll,115200,115200,12.0,2.0,120,0.4821064826746599,0.0057280446968826,0.96,33.5,33.0,0.45,False,four_class,False,False,False
317,7,20260920-193718-roll-115200,20260920-193718-roll-115200,20260920-193718-roll-115200.npz,2026_9_20_19-37-24-roll-115200.npz,3,roll,115200,115200,14.0,2.0,140,0.4821064826746599,0.0057280446968826,0.96,33.0,33.0,0.45,False,four_class,False,False,False
318,8,20260920-193718-roll-115200,20260920-193718-roll-115200,20260920-193718-roll-115200.npz,2026_9_20_19-37-24-roll-115200.npz,3,roll,115200,115200,16.0,2.0,160,0.4821064826746599,0.0057280446968826,0.96,33.0,33.0,0.45,False,four_class,False,False,False
319,9,20260920-193718-roll-115200,20260920-193718-roll-115200,20260920-193718-roll-115200.npz,2026_9_20_19-37-24-roll-115200.npz,3,roll,115200,115200,18.0,2.0,180,0.4821064826746599,0.0057280446968826,0.96,33.0,33.0,0.45,False,four_class,False,False,False
320,10,20260920-193718-roll-115200,20260920-193718-roll-115200,20260920-193718-roll-115200.npz,2026_9_20_19-37-24-roll-115200.npz,3,roll,115200,115200,20.0,2.0,200,0.4821064826746599,0.0057280446968826,0.96,33.0,33.0,0.45,False,four_class,False,False,False
321,11,20260920-193718-roll-115200,20260920-193718-roll-115200,20260920-193718-roll-115200.npz,2026_9_20_19-37-24-roll-115200.npz,3,roll,115200,115200,22.0,2.0,220,0.4821064826746599,0.0057280446968826,0.96,33.0,33.0,0.45,False,four_class,False,False,False
322,12,20260920-193718-roll-115200,20260920-193718-roll-115200,20260920-193718-roll-115200.npz,2026_9_20_19-37-24-roll-115200.npz,3,roll,115200,115200,24.0,2.0,240,0.4821064826746599,0.0057280446968826,0.96,33.0,33.0,0.45,False,four_class,False,False,False
323,13,20260920-193718-roll-115200,20260920-193718-roll-115200,20260920-193718-roll-115200.npz,2026_9_20_19-37-24-roll-115200.npz,3,roll,115200,115200,26.0,2.0,260,0.4821064826746599,0.0057280446968826,0.96,33.0,33.0,0.45,False,four_class,False,False,False
324,14,20260920-193718-roll-115200,20260920-193718-roll-115200,20260920-193718-roll-115200.npz,2026_9_20_19-37-24-roll-115200.npz,3,roll,115200,115200,28.0,2.0,280,0.4821064826746599,0.0057280446968826,0.96,33.0,33.0,0.45,False,four_class,False,False,False
325,15,20260920-193718-roll-115200,20260920-193718-roll-115200,20260920-193718-roll-115200.npz,2026_9_20_19-37-24-roll-115200.npz,3,roll,115200,115200,30.0,2.0,300,0.4821064826746599,0.0057280446968826,0.96,33.5,33.0,0.45,False,four_class,False,False,False
326,16,20260920-193718-roll-115200,20260920-193718-roll-115200,20260920-193718-roll-115200.npz,2026_9_20_19-37-24-roll-115200.npz,3,roll,115200,115200,32.0,2.0,320,0.4821064826746599,0.0057280446968826,0.96,33.5,33.0,0.45,False,four_class,False,False,False
327,17,20260920-193718-roll-115200,20260920-193718-roll-115200,20260920-193718-roll-115200.npz,2026_9_20_19-37-24-roll-115200.npz,3,roll,115200,115200,34.0,2.0,340,0.4821064826746599,0.0057280446968826,0.96,33.5,33.0,0.45,False,four_class,False,False,False
328,18,20260920-193718-roll-115200,20260920-193718-roll-115200,20260920-193718-roll-115200.npz,2026_9_20_19-37-24-roll-115200.npz,3,roll,115200,115200,36.0,2.0,360,0.4821064826746599,0.0057280446968826,0.96,33.0,33.0,0.45,False,four_class,False,False,False
329,19,20260920-193718-roll-115200,20260920-193718-roll-115200,20260920-193718-roll-115200.npz,2026_9_20_19-37-24-roll-115200.npz,3,roll,115200,115200,38.0,2.0,380,0.4821064826746599,0.0057280446968826,0.96,33.0,33.0,0.45,False,four_class,False,False,False
330,20,20260920-193718-roll-115200,20260920-193718-roll-115200,20260920-193718-roll-115200.npz,2026_9_20_19-37-24-roll-115200.npz,3,roll,115200,115200,40.0,2.0,400,0.4821064826746599,0.0057280446968826,0.96,33.5,33.0,0.45,False,four_class,False,False,False
331,21,20260920-193718-roll-115200,20260920-193718-roll-115200,20260920-193718-roll-115200.npz,2026_9_20_19-37-24-roll-115200.npz,3,roll,115200,115200,42.0,2.0,420,0.4821064826746599,0.0057280446968826,0.96,33.0,33.0,0.45,False,four_class,False,False,False
332,22,20260920-193718-roll-115200,20260920-193718-roll-115200,20260920-193718-roll-115200.npz,2026_9_20_19-37-24-roll-115200.npz,3,roll,115200,115200,44.0,2.0,440,0.4821064826746599,0.0057280446968826,0.96,33.0,33.0,0.45,False,four_class,False,False,False
333,23,20260920-193718-roll-115200,20260920-193718-roll-115200,20260920-193718-roll-115200.npz,2026_9_20_19-37-24-roll-115200.npz,3,roll,115200,115200,46.0,2.0,460,0.4821064826746599,0.0057280446968826,0.96,33.5,33.0,0.45,False,four_class,False,False,False
334,24,20260920-193718-roll-115200,20260920-193718-roll-115200,20260920-193718-roll-115200.npz,2026_9_20_19-37-24-roll-115200.npz,3,roll,115200,115200,48.0,2.0,480,0.4821064826746599,0.0057280446968826,0.96,33.0,33.0,0.45,False,four_class,False,False,False
335,25,20260920-193718-roll-115200,20260920-193718-roll-115200,20260920-193718-roll-115200.npz,2026_9_20_19-37-24-roll-115200.npz,3,roll,115200,115200,50.0,2.0,500,0.4821064826746599,0.0057280446968826,0.96,33.0,33.0,0.45,False,four_class,False,False,False
336,26,20260920-193718-roll-115200,20260920-193718-roll-115200,20260920-193718-roll-115200.npz,2026_9_20_19-37-24-roll-115200.npz,3,roll,115200,115200,52.0,2.0,520,0.4821064826746599,0.0057280446968826,0.96,33.0,33.0,0.45,False,four_class,False,False,False
337,27,20260920-193718-roll-115200,20260920-193718-roll-115200,20260920-193718-roll-115200.npz,2026_9_20_19-37-24-roll-115200.npz,3,roll,115200,115200,54.0,2.0,540,0.4821064826746599,0.0057280446968826,0.96,33.0,33.0,0.45,False,four_class,False,False,False
338,28,20260920-193718-roll-115200,20260920-193718-roll-115200,20260920-193718-roll-115200.npz,2026_9_20_19-37-24-roll-115200.npz,3,roll,115200,115200,56.0,2.0,560,0.4821064826746599,0.0057280446968826,0.96,33.0,33.0,0.45,False,four_class,False,False,False
339,29,20260920-193718-roll-115200,20260920-193718-roll-115200,20260920-193718-roll-115200.npz,2026_9_20_19-37-24-roll-115200.npz,3,roll,115200,115200,58.0,2.0,580,0.4821064826746599,0.0057280446968826,0.96,33.0,33.0,0.45,False,four_class,False,False,False
340,30,20260920-193718-roll-115200,20260920-193718-roll-115200,20260920-193718-roll-115200.npz,2026_9_20_19-37-24-roll-115200.npz,3,roll,115200,115200,60.0,2.0,600,0.4821064826746599,0.0057280446968826,0.96,33.0,33.0,0.45,False,four_class,False,False,False
341,31,20260920-193718-roll-115200,20260920-193718-roll-115200,20260920-193718-roll-115200.npz,2026_9_20_19-37-24-roll-115200.npz,3,roll,115200,115200,62.0,2.0,620,0.4821064826746599,0.0057280446968826,0.96,33.0,33.0,0.45,False,four_class,False,False,False
342,32,20260920-193718-roll-115200,20260920-193718-roll-115200,20260920-193718-roll-115200.npz,2026_9_20_19-37-24-roll-115200.npz,3,roll,115200,115200,64.0,2.0,640,0.4821064826746599,0.0057280446968826,0.96,33.0,33.0,0.45,False,four_class,False,False,False
343,33,20260920-193718-roll-115200,20260920-193718-roll-115200,20260920-193718-roll-115200.npz,2026_9_20_19-37-24-roll-115200.npz,3,roll,115200,115200,66.0,2.0,660,0.4821064826746599,0.0057280446968826,0.96,33.0,33.0,0.45,False,four_class,False,False,False
344,34,20260920-193718-roll-115200,20260920-193718-roll-115200,20260920-193718-roll-115200.npz,2026_9_20_19-37-24-roll-115200.npz,3,roll,115200,115200,68.0,2.0,680,0.4821064826746599,0.0057280446968826,0.96,33.0,33.0,0.45,False,four_class,False,False,False
345,35,20260920-193718-roll-115200,20260920-193718-roll-115200,20260920-193718-roll-115200.npz,2026_9_20_19-37-24-roll-115200.npz,3,roll,115200,115200,70.0,2.0,700,0.4821064826746599,0.0057280446968826,0.96,33.0,33.0,0.45,False,four_class,False,False,False
346,36,20260920-193718-roll-115200,20260920-193718-roll-115200,20260920-193718-roll-115200.npz,2026_9_20_19-37-24-roll-115200.npz,3,roll,115200,115200,72.0,2.0,720,0.4821064826746599,0.0057280446968826,0.96,33.0,33.0,0.45,False,four_class,False,False,False
347,37,20260920-193718-roll-115200,20260920-193718-roll-115200,20260920-193718-roll-115200.npz,2026_9_20_19-37-24-roll-115200.npz,3,roll,115200,115200,74.0,2.0,740,0.4821064826746599,0.0057280446968826,0.96,33.0,33.0,0.45,False,four_class,False,False,False
348,38,20260920-193718-roll-115200,20260920-193718-roll-115200,20260920-193718-roll-115200.npz,2026_9_20_19-37-24-roll-115200.npz,3,roll,115200,115200,76.0,2.0,760,0.4821064826746599,0.0057280446968826,0.96,33.5,33.0,0.45,False,four_class,False,False,False
349,39,20260920-193718-roll-115200,20260920-193718-roll-115200,20260920-193718-roll-115200.npz,2026_9_20_19-37-24-roll-115200.npz,3,roll,115200,115200,78.0,2.0,780,0.4821064826746599,0.0057280446968826,0.96,33.0,33.0,0.45,False,four_class,False,False,False
350,40,20260920-193718-roll-115200,20260920-193718-roll-115200,20260920-193718-roll-115200.npz,2026_9_20_19-37-24-roll-115200.npz,3,roll,115200,115200,80.0,2.0,800,0.4821064826746599,0.0057280446968826,0.96,33.0,33.0,0.45,False,four_class,False,False,False
351,41,20260920-193718-roll-115200,20260920-193718-roll-115200,20260920-193718-roll-115200.npz,2026_9_20_19-37-24-roll-115200.npz,3,roll,115200,115200,82.0,2.0,820,0.4821064826746599,0.0057280446968826,0.96,33.0,33.0,0.45,False,four_class,False,False,False
352,42,20260920-193718-roll-115200,20260920-193718-roll-115200,20260920-193718-roll-115200.npz,2026_9_20_19-37-24-roll-115200.npz,3,roll,115200,115200,84.0,2.0,840,0.4821064826746599,0.0057280446968826,0.96,33.0,33.0,0.45,False,four_class,False,False,False
353,43,20260920-193718-roll-115200,20260920-193718-roll-115200,20260920-193718-roll-115200.npz,2026_9_20_19-37-24-roll-115200.npz,3,roll,115200,115200,86.0,2.0,860,0.4821064826746599,0.0057280446968826,0.96,33.0,33.0,0.45,False,four_class,False,False,False
354,44,20260920-193718-roll-115200,20260920-193718-roll-115200,20260920-193718-roll-115200.npz,2026_9_20_19-37-24-roll-115200.npz,3,roll,115200,115200,88.0,2.0,880,0.4821064826746599,0.0057280446968826,0.96,33.0,33.0,0.45,False,four_class,False,False,False
355,45,20260920-193718-roll-115200,20260920-193718-roll-115200,20260920-193718-roll-115200.npz,2026_9_20_19-37-24-roll-115200.npz,3,roll,115200,115200,90.0,2.0,900,0.4821064826746599,0.0057280446968826,0.96,33.5,33.0,0.45,False,four_class,False,False,False
356,46,20260920-193718-roll-115200,20260920-193718-roll-115200,20260920-193718-roll-115200.npz,2026_9_20_19-37-24-roll-115200.npz,3,roll,115200,115200,92.0,2.0,920,0.4821064826746599,0.0057280446968826,0.96,33.0,33.0,0.45,False,four_class,False,False,False
357,47,20260920-193718-roll-115200,20260920-193718-roll-115200,20260920-193718-roll-115200.npz,2026_9_20_19-37-24-roll-115200.npz,3,roll,115200,115200,94.0,2.0,940,0.4821064826746599,0.0057280446968826,0.96,33.0,33.0,0.45,False,four_class,False,False,False
358,48,20260920-193718-roll-115200,20260920-193718-roll-115200,20260920-193718-roll-115200.npz,2026_9_20_19-37-24-roll-115200.npz,3,roll,115200,115200,96.0,2.0,960,0.4821064826746599,0.0057280446968826,0.96,33.0,33.0,0.45,False,four_class,False,False,False
359,49,20260920-193718-roll-115200,20260920-193718-roll-115200,20260920-193718-roll-115200.npz,2026_9_20_19-37-24-roll-115200.npz,3,roll,115200,115200,98.0,2.0,980,0.4821064826746599,0.0057280446968826,0.96,33.0,33.0,0.45,False,four_class,False,False,False
360,50,20260920-193718-roll-115200,20260920-193718-roll-115200,20260920-193718-roll-115200.npz,2026_9_20_19-37-24-roll-115200.npz,3,roll,115200,115200,100.0,2.0,1000,0.4821064826746599,0.0057280446968826,0.96,33.0,33.0,0.45,False,four_class,False,False,False
361,0,20260920-194108-roll-460800,20260920-194108-roll-460800,20260920-194108-roll-460800.npz,2026_9_20_19-41-02-roll-460800.npz,3,roll,460800,460800,0.0,2.0,0,0.4821064826746599,0.0056003196566712,0.96,33.0,33.0,0.45,False,four_class,False,False,False
362,1,20260920-194108-roll-460800,20260920-194108-roll-460800,20260920-194108-roll-460800.npz,2026_9_20_19-41-02-roll-460800.npz,3,roll,460800,460800,2.0,2.0,20,0.4821064826746599,0.0056003196566712,0.96,33.5,33.0,0.45,False,four_class,False,False,False
363,2,20260920-194108-roll-460800,20260920-194108-roll-460800,20260920-194108-roll-460800.npz,2026_9_20_19-41-02-roll-460800.npz,3,roll,460800,460800,4.0,2.0,40,0.4821064826746599,0.0056003196566712,0.96,33.5,33.0,0.45,False,four_class,False,False,False
364,3,20260920-194108-roll-460800,20260920-194108-roll-460800,20260920-194108-roll-460800.npz,2026_9_20_19-41-02-roll-460800.npz,3,roll,460800,460800,6.0,2.0,60,0.4821064826746599,0.0056003196566712,0.96,33.5,33.0,0.45,False,four_class,False,False,False
365,4,20260920-194108-roll-460800,20260920-194108-roll-460800,20260920-194108-roll-460800.npz,2026_9_20_19-41-02-roll-460800.npz,3,roll,460800,460800,8.0,2.0,80,0.4821064826746599,0.0056003196566712,0.96,33.0,33.0,0.45,False,four_class,False,False,False
366,5,20260920-194108-roll-460800,20260920-194108-roll-460800,20260920-194108-roll-460800.npz,2026_9_20_19-41-02-roll-460800.npz,3,roll,460800,460800,10.0,2.0,100,0.4821064826746599,0.0056003196566712,0.96,33.5,33.0,0.45,False,four_class,False,False,False
367,6,20260920-194108-roll-460800,20260920-194108-roll-460800,20260920-194108-roll-460800.npz,2026_9_20_19-41-02-roll-460800.npz,3,roll,460800,460800,12.0,2.0,120,0.4821064826746599,0.0056003196566712,0.96,33.0,33.0,0.45,False,four_class,False,False,False
368,7,20260920-194108-roll-460800,20260920-194108-roll-460800,20260920-194108-roll-460800.npz,2026_9_20_19-41-02-roll-460800.npz,3,roll,460800,460800,14.0,2.0,140,0.4821064826746599,0.0056003196566712,0.96,33.0,33.0,0.45,False,four_class,False,False,False
369,8,20260920-194108-roll-460800,20260920-194108-roll-460800,20260920-194108-roll-460800.npz,2026_9_20_19-41-02-roll-460800.npz,3,roll,460800,460800,16.0,2.0,160,0.4821064826746599,0.0056003196566712,0.96,33.0,33.0,0.45,False,four_class,False,False,False
370,9,20260920-194108-roll-460800,20260920-194108-roll-460800,20260920-194108-roll-460800.npz,2026_9_20_19-41-02-roll-460800.npz,3,roll,460800,460800,18.0,2.0,180,0.4821064826746599,0.0056003196566712,0.96,33.0,33.0,0.45,False,four_class,False,False,False
371,10,20260920-194108-roll-460800,20260920-194108-roll-460800,20260920-194108-roll-460800.npz,2026_9_20_19-41-02-roll-460800.npz,3,roll,460800,460800,20.0,2.0,200,0.4821064826746599,0.0056003196566712,0.96,33.5,33.0,0.45,False,four_class,False,False,False
372,11,20260920-194108-roll-460800,20260920-194108-roll-460800,20260920-194108-roll-460800.npz,2026_9_20_19-41-02-roll-460800.npz,3,roll,460800,460800,22.0,2.0,220,0.4821064826746599,0.0056003196566712,0.96,33.0,33.0,0.45,False,four_class,False,False,False
373,12,20260920-194108-roll-460800,20260920-194108-roll-460800,20260920-194108-roll-460800.npz,2026_9_20_19-41-02-roll-460800.npz,3,roll,460800,460800,24.0,2.0,240,0.4821064826746599,0.0056003196566712,0.96,33.0,33.0,0.45,False,four_class,False,False,False
374,13,20260920-194108-roll-460800,20260920-194108-roll-460800,20260920-194108-roll-460800.npz,2026_9_20_19-41-02-roll-460800.npz,3,roll,460800,460800,26.0,2.0,260,0.4821064826746599,0.0056003196566712,0.96,33.0,33.0,0.45,False,four_class,False,False,False
375,14,20260920-194108-roll-460800,20260920-194108-roll-460800,20260920-194108-roll-460800.npz,2026_9_20_19-41-02-roll-460800.npz,3,roll,460800,460800,28.0,2.0,280,0.4821064826746599,0.0056003196566712,0.96,33.0,33.0,0.45,False,four_class,False,False,False
376,15,20260920-194108-roll-460800,20260920-194108-roll-460800,20260920-194108-roll-460800.npz,2026_9_20_19-41-02-roll-460800.npz,3,roll,460800,460800,30.0,2.0,300,0.4821064826746599,0.0056003196566712,0.96,33.0,33.0,0.45,False,four_class,False,False,False
377,16,20260920-194108-roll-460800,20260920-194108-roll-460800,20260920-194108-roll-460800.npz,2026_9_20_19-41-02-roll-460800.npz,3,roll,460800,460800,32.0,2.0,320,0.4821064826746599,0.0056003196566712,0.96,33.0,33.0,0.45,False,four_class,False,False,False
378,17,20260920-194108-roll-460800,20260920-194108-roll-460800,20260920-194108-roll-460800.npz,2026_9_20_19-41-02-roll-460800.npz,3,roll,460800,460800,34.0,2.0,340,0.4821064826746599,0.0056003196566712,0.96,33.0,33.0,0.45,False,four_class,False,False,False
379,18,20260920-194108-roll-460800,20260920-194108-roll-460800,20260920-194108-roll-460800.npz,2026_9_20_19-41-02-roll-460800.npz,3,roll,460800,460800,36.0,2.0,360,0.4821064826746599,0.0056003196566712,0.96,33.5,33.0,0.45,False,four_class,False,False,False
380,19,20260920-194108-roll-460800,20260920-194108-roll-460800,20260920-194108-roll-460800.npz,2026_9_20_19-41-02-roll-460800.npz,3,roll,460800,460800,38.0,2.0,380,0.4821064826746599,0.0056003196566712,0.96,33.0,33.0,0.45,False,four_class,False,False,False
381,20,20260920-194108-roll-460800,20260920-194108-roll-460800,20260920-194108-roll-460800.npz,2026_9_20_19-41-02-roll-460800.npz,3,roll,460800,460800,40.0,2.0,400,0.4821064826746599,0.0056003196566712,0.96,33.0,33.0,0.45,False,four_class,False,False,False
382,21,20260920-194108-roll-460800,20260920-194108-roll-460800,20260920-194108-roll-460800.npz,2026_9_20_19-41-02-roll-460800.npz,3,roll,460800,460800,42.0,2.0,420,0.4821064826746599,0.0056003196566712,0.96,33.0,33.0,0.45,False,four_class,False,False,False
383,22,20260920-194108-roll-460800,20260920-194108-roll-460800,20260920-194108-roll-460800.npz,2026_9_20_19-41-02-roll-460800.npz,3,roll,460800,460800,44.0,2.0,440,0.4821064826746599,0.0056003196566712,0.96,33.0,33.0,0.45,False,four_class,False,False,False
384,23,20260920-194108-roll-460800,20260920-194108-roll-460800,20260920-194108-roll-460800.npz,2026_9_20_19-41-02-roll-460800.npz,3,roll,460800,460800,46.0,2.0,460,0.4821064826746599,0.0056003196566712,0.96,33.0,33.0,0.45,False,four_class,False,False,False
385,24,20260920-194108-roll-460800,20260920-194108-roll-460800,20260920-194108-roll-460800.npz,2026_9_20_19-41-02-roll-460800.npz,3,roll,460800,460800,48.0,2.0,480,0.4821064826746599,0.0056003196566712,0.96,33.0,33.0,0.45,False,four_class,False,False,False
386,25,20260920-194108-roll-460800,20260920-194108-roll-460800,20260920-194108-roll-460800.npz,2026_9_20_19-41-02-roll-460800.npz,3,roll,460800,460800,50.0,2.0,500,0.4821064826746599,0.0056003196566712,0.96,33.0,33.0,0.45,False,four_class,False,False,False
387,26,20260920-194108-roll-460800,20260920-194108-roll-460800,20260920-194108-roll-460800.npz,2026_9_20_19-41-02-roll-460800.npz,3,roll,460800,460800,52.0,2.0,520,0.4821064826746599,0.0056003196566712,0.96,33.5,33.0,0.45,False,four_class,False,False,False
388,27,20260920-194108-roll-460800,20260920-194108-roll-460800,20260920-194108-roll-460800.npz,2026_9_20_19-41-02-roll-460800.npz,3,roll,460800,460800,54.0,2.0,540,0.4821064826746599,0.0056003196566712,0.96,33.0,33.0,0.45,False,four_class,False,False,False
389,28,20260920-194108-roll-460800,20260920-194108-roll-460800,20260920-194108-roll-460800.npz,2026_9_20_19-41-02-roll-460800.npz,3,roll,460800,460800,56.0,2.0,560,0.4821064826746599,0.0056003196566712,0.96,33.0,33.0,0.45,False,four_class,False,False,False
390,29,20260920-194108-roll-460800,20260920-194108-roll-460800,20260920-194108-roll-460800.npz,2026_9_20_19-41-02-roll-460800.npz,3,roll,460800,460800,58.0,2.0,580,0.4821064826746599,0.0056003196566712,0.96,33.5,33.0,0.45,False,four_class,False,False,False
391,30,20260920-194108-roll-460800,20260920-194108-roll-460800,20260920-194108-roll-460800.npz,2026_9_20_19-41-02-roll-460800.npz,3,roll,460800,460800,60.0,2.0,600,0.4821064826746599,0.0056003196566712,0.96,33.5,33.0,0.45,False,four_class,False,False,False
392,31,20260920-194108-roll-460800,20260920-194108-roll-460800,20260920-194108-roll-460800.npz,2026_9_20_19-41-02-roll-460800.npz,3,roll,460800,460800,62.0,2.0,620,0.4821064826746599,0.0056003196566712,0.96,33.0,33.0,0.45,False,four_class,False,False,False
393,32,20260920-194108-roll-460800,20260920-194108-roll-460800,20260920-194108-roll-460800.npz,2026_9_20_19-41-02-roll-460800.npz,3,roll,460800,460800,64.0,2.0,640,0.4821064826746599,0.0056003196566712,0.96,33.0,33.0,0.45,False,four_class,False,False,False
394,33,20260920-194108-roll-460800,20260920-194108-roll-460800,20260920-194108-roll-460800.npz,2026_9_20_19-41-02-roll-460800.npz,3,roll,460800,460800,66.0,2.0,660,0.4821064826746599,0.0056003196566712,0.96,33.5,33.0,0.45,False,four_class,False,False,False
395,34,20260920-194108-roll-460800,20260920-194108-roll-460800,20260920-194108-roll-460800.npz,2026_9_20_19-41-02-roll-460800.npz,3,roll,460800,460800,68.0,2.0,680,0.4821064826746599,0.0056003196566712,0.96,33.5,33.0,0.45,False,four_class,False,False,False
396,35,20260920-194108-roll-460800,20260920-194108-roll-460800,20260920-194108-roll-460800.npz,2026_9_20_19-41-02-roll-460800.npz,3,roll,460800,460800,70.0,2.0,700,0.4821064826746599,0.0056003196566712,0.96,33.5,33.0,0.45,False,four_class,False,False,False
397,36,20260920-194108-roll-460800,20260920-194108-roll-460800,20260920-194108-roll-460800.npz,2026_9_20_19-41-02-roll-460800.npz,3,roll,460800,460800,72.0,2.0,720,0.4821064826746599,0.0056003196566712,0.96,33.0,33.0,0.45,False,four_class,False,False,False
398,37,20260920-194108-roll-460800,20260920-194108-roll-460800,20260920-194108-roll-460800.npz,2026_9_20_19-41-02-roll-460800.npz,3,roll,460800,460800,74.0,2.0,740,0.4821064826746599,0.0056003196566712,0.96,33.0,33.0,0.45,False,four_class,False,False,False
399,38,20260920-194108-roll-460800,20260920-194108-roll-460800,20260920-194108-roll-460800.npz,2026_9_20_19-41-02-roll-460800.npz,3,roll,460800,460800,76.0,2.0,760,0.4821064826746599,0.0056003196566712,0.96,33.0,33.0,0.45,False,four_class,False,False,False
400,39,20260920-194108-roll-460800,20260920-194108-roll-460800,20260920-194108-roll-460800.npz,2026_9_20_19-41-02-roll-460800.npz,3,roll,460800,460800,78.0,2.0,780,0.4821064826746599,0.0056003196566712,0.96,33.0,33.0,0.45,False,four_class,False,False,False
401,40,20260920-194108-roll-460800,20260920-194108-roll-460800,20260920-194108-roll-460800.npz,2026_9_20_19-41-02-roll-460800.npz,3,roll,460800,460800,80.0,2.0,800,0.4821064826746599,0.0056003196566712,0.96,33.5,33.0,0.45,False,four_class,False,False,False
402,41,20260920-194108-roll-460800,20260920-194108-roll-460800,20260920-194108-roll-460800.npz,2026_9_20_19-41-02-roll-460800.npz,3,roll,460800,460800,82.0,2.0,820,0.4821064826746599,0.0056003196566712,0.96,33.0,33.0,0.45,False,four_class,False,False,False
403,42,20260920-194108-roll-460800,20260920-194108-roll-460800,20260920-194108-roll-460800.npz,2026_9_20_19-41-02-roll-460800.npz,3,roll,460800,460800,84.0,2.0,840,0.4821064826746599,0.0056003196566712,0.96,33.0,33.0,0.45,False,four_class,False,False,False
404,43,20260920-194108-roll-460800,20260920-194108-roll-460800,20260920-194108-roll-460800.npz,2026_9_20_19-41-02-roll-460800.npz,3,roll,460800,460800,86.0,2.0,860,0.4821064826746599,0.0056003196566712,0.96,33.0,33.0,0.45,False,four_class,False,False,False
405,44,20260920-194108-roll-460800,20260920-194108-roll-460800,20260920-194108-roll-460800.npz,2026_9_20_19-41-02-roll-460800.npz,3,roll,460800,460800,88.0,2.0,880,0.4821064826746599,0.0056003196566712,0.96,33.0,33.0,0.45,False,four_class,False,False,False
406,45,20260920-194108-roll-460800,20260920-194108-roll-460800,20260920-194108-roll-460800.npz,2026_9_20_19-41-02-roll-460800.npz,3,roll,460800,460800,90.0,2.0,900,0.4821064826746599,0.0056003196566712,0.96,33.0,33.0,0.45,False,four_class,False,False,False
407,46,20260920-194108-roll-460800,20260920-194108-roll-460800,20260920-194108-roll-460800.npz,2026_9_20_19-41-02-roll-460800.npz,3,roll,460800,460800,92.0,2.0,920,0.4821064826746599,0.0056003196566712,0.96,33.5,33.0,0.45,False,four_class,False,False,False
408,47,20260920-194108-roll-460800,20260920-194108-roll-460800,20260920-194108-roll-460800.npz,2026_9_20_19-41-02-roll-460800.npz,3,roll,460800,460800,94.0,2.0,940,0.4821064826746599,0.0056003196566712,0.96,33.0,33.0,0.45,False,four_class,False,False,False
409,48,20260920-194108-roll-460800,20260920-194108-roll-460800,20260920-194108-roll-460800.npz,2026_9_20_19-41-02-roll-460800.npz,3,roll,460800,460800,96.0,2.0,960,0.4821064826746599,0.0056003196566712,0.96,33.0,33.0,0.45,False,four_class,False,False,False
410,49,20260920-194108-roll-460800,20260920-194108-roll-460800,20260920-194108-roll-460800.npz,2026_9_20_19-41-02-roll-460800.npz,3,roll,460800,460800,98.0,2.0,980,0.4821064826746599,0.0056003196566712,0.96,33.0,33.0,0.45,False,four_class,False,False,False
411,50,20260920-194108-roll-460800,20260920-194108-roll-460800,20260920-194108-roll-460800.npz,2026_9_20_19-41-02-roll-460800.npz,3,roll,460800,460800,100.0,2.0,1000,0.4821064826746599,0.0056003196566712,0.96,33.5,33.0,0.45,False,four_class,False,False,False
412,0,20260920-195424-keep-115200,20260920-195424-keep-115200,20260920-195424-keep-115200.npz,2026_9_20_19-54-31-keep-115200.npz,-1,keep,115200,115200,0.0,2.0,0,0.4821064826746599,0.0043662426518458,0.96,32.5,33.0,0.45,False,external_unknown_fault,False,False,False
413,1,20260920-195424-keep-115200,20260920-195424-keep-115200,20260920-195424-keep-115200.npz,2026_9_20_19-54-31-keep-115200.npz,-1,keep,115200,115200,2.0,2.0,20,0.4821064826746599,0.0043662426518458,0.96,34.0,33.0,0.45,False,external_unknown_fault,False,False,False
414,2,20260920-195424-keep-115200,20260920-195424-keep-115200,20260920-195424-keep-115200.npz,2026_9_20_19-54-31-keep-115200.npz,-1,keep,115200,115200,4.0,2.0,40,0.4821064826746599,0.0043662426518458,0.96,33.5,33.0,0.45,False,external_unknown_fault,False,False,False
415,3,20260920-195424-keep-115200,20260920-195424-keep-115200,20260920-195424-keep-115200.npz,2026_9_20_19-54-31-keep-115200.npz,-1,keep,115200,115200,6.0,2.0,60,0.4821064826746599,0.0043662426518458,0.96,33.0,33.0,0.45,False,external_unknown_fault,False,False,False
416,4,20260920-195424-keep-115200,20260920-195424-keep-115200,20260920-195424-keep-115200.npz,2026_9_20_19-54-31-keep-115200.npz,-1,keep,115200,115200,8.0,2.0,80,0.4821064826746599,0.0043662426518458,0.96,33.5,33.0,0.45,False,external_unknown_fault,False,False,False
417,5,20260920-195424-keep-115200,20260920-195424-keep-115200,20260920-195424-keep-115200.npz,2026_9_20_19-54-31-keep-115200.npz,-1,keep,115200,115200,10.0,2.0,100,0.4821064826746599,0.0043662426518458,0.96,33.5,33.0,0.45,False,external_unknown_fault,False,False,False
418,6,20260920-195424-keep-115200,20260920-195424-keep-115200,20260920-195424-keep-115200.npz,2026_9_20_19-54-31-keep-115200.npz,-1,keep,115200,115200,12.0,2.0,120,0.4821064826746599,0.0043662426518458,0.96,34.0,33.0,0.45,False,external_unknown_fault,False,False,False
419,7,20260920-195424-keep-115200,20260920-195424-keep-115200,20260920-195424-keep-115200.npz,2026_9_20_19-54-31-keep-115200.npz,-1,keep,115200,115200,14.0,2.0,140,0.4821064826746599,0.0043662426518458,0.96,34.0,33.0,0.45,False,external_unknown_fault,False,False,False
420,8,20260920-195424-keep-115200,20260920-195424-keep-115200,20260920-195424-keep-115200.npz,2026_9_20_19-54-31-keep-115200.npz,-1,keep,115200,115200,16.0,2.0,160,0.4821064826746599,0.0043662426518458,0.96,33.5,33.0,0.45,False,external_unknown_fault,False,False,False
421,9,20260920-195424-keep-115200,20260920-195424-keep-115200,20260920-195424-keep-115200.npz,2026_9_20_19-54-31-keep-115200.npz,-1,keep,115200,115200,18.0,2.0,180,0.4821064826746599,0.0043662426518458,0.96,33.5,33.0,0.45,False,external_unknown_fault,False,False,False
422,10,20260920-195424-keep-115200,20260920-195424-keep-115200,20260920-195424-keep-115200.npz,2026_9_20_19-54-31-keep-115200.npz,-1,keep,115200,115200,20.0,2.0,200,0.4821064826746599,0.0043662426518458,0.96,34.0,33.0,0.45,False,external_unknown_fault,False,False,False
423,11,20260920-195424-keep-115200,20260920-195424-keep-115200,20260920-195424-keep-115200.npz,2026_9_20_19-54-31-keep-115200.npz,-1,keep,115200,115200,22.0,2.0,220,0.4821064826746599,0.0043662426518458,0.96,34.0,33.0,0.45,False,external_unknown_fault,False,False,False
424,12,20260920-195424-keep-115200,20260920-195424-keep-115200,20260920-195424-keep-115200.npz,2026_9_20_19-54-31-keep-115200.npz,-1,keep,115200,115200,24.0,2.0,240,0.4821064826746599,0.0043662426518458,0.96,33.5,33.0,0.45,False,external_unknown_fault,False,False,False
425,13,20260920-195424-keep-115200,20260920-195424-keep-115200,20260920-195424-keep-115200.npz,2026_9_20_19-54-31-keep-115200.npz,-1,keep,115200,115200,26.0,2.0,260,0.4821064826746599,0.0043662426518458,0.96,33.0,33.0,0.45,False,external_unknown_fault,False,False,False
426,14,20260920-195424-keep-115200,20260920-195424-keep-115200,20260920-195424-keep-115200.npz,2026_9_20_19-54-31-keep-115200.npz,-1,keep,115200,115200,28.0,2.0,280,0.4821064826746599,0.0043662426518458,0.96,33.0,33.0,0.45,False,external_unknown_fault,False,False,False
427,15,20260920-195424-keep-115200,20260920-195424-keep-115200,20260920-195424-keep-115200.npz,2026_9_20_19-54-31-keep-115200.npz,-1,keep,115200,115200,30.0,2.0,300,0.4821064826746599,0.0043662426518458,0.96,33.5,33.0,0.45,False,external_unknown_fault,False,False,False
428,16,20260920-195424-keep-115200,20260920-195424-keep-115200,20260920-195424-keep-115200.npz,2026_9_20_19-54-31-keep-115200.npz,-1,keep,115200,115200,32.0,2.0,320,0.4821064826746599,0.0043662426518458,0.96,34.0,33.0,0.45,False,external_unknown_fault,False,False,False
429,17,20260920-195424-keep-115200,20260920-195424-keep-115200,20260920-195424-keep-115200.npz,2026_9_20_19-54-31-keep-115200.npz,-1,keep,115200,115200,34.0,2.0,340,0.4821064826746599,0.0043662426518458,0.96,33.5,33.0,0.45,False,external_unknown_fault,False,False,False
430,18,20260920-195424-keep-115200,20260920-195424-keep-115200,20260920-195424-keep-115200.npz,2026_9_20_19-54-31-keep-115200.npz,-1,keep,115200,115200,36.0,2.0,360,0.4821064826746599,0.0043662426518458,0.96,33.5,33.0,0.45,False,external_unknown_fault,False,False,False
431,19,20260920-195424-keep-115200,20260920-195424-keep-115200,20260920-195424-keep-115200.npz,2026_9_20_19-54-31-keep-115200.npz,-1,keep,115200,115200,38.0,2.0,380,0.4821064826746599,0.0043662426518458,0.96,33.5,33.0,0.45,False,external_unknown_fault,False,False,False
432,20,20260920-195424-keep-115200,20260920-195424-keep-115200,20260920-195424-keep-115200.npz,2026_9_20_19-54-31-keep-115200.npz,-1,keep,115200,115200,40.0,2.0,400,0.4821064826746599,0.0043662426518458,0.96,33.5,33.0,0.45,False,external_unknown_fault,False,False,False
433,21,20260920-195424-keep-115200,20260920-195424-keep-115200,20260920-195424-keep-115200.npz,2026_9_20_19-54-31-keep-115200.npz,-1,keep,115200,115200,42.0,2.0,420,0.4821064826746599,0.0043662426518458,0.96,33.5,33.0,0.45,False,external_unknown_fault,False,False,False
434,22,20260920-195424-keep-115200,20260920-195424-keep-115200,20260920-195424-keep-115200.npz,2026_9_20_19-54-31-keep-115200.npz,-1,keep,115200,115200,44.0,2.0,440,0.4821064826746599,0.0043662426518458,0.96,34.0,33.0,0.45,False,external_unknown_fault,False,False,False
435,23,20260920-195424-keep-115200,20260920-195424-keep-115200,20260920-195424-keep-115200.npz,2026_9_20_19-54-31-keep-115200.npz,-1,keep,115200,115200,46.0,2.0,460,0.4821064826746599,0.0043662426518458,0.96,32.5,33.0,0.45,False,external_unknown_fault,False,False,False
436,24,20260920-195424-keep-115200,20260920-195424-keep-115200,20260920-195424-keep-115200.npz,2026_9_20_19-54-31-keep-115200.npz,-1,keep,115200,115200,48.0,2.0,480,0.4821064826746599,0.0043662426518458,0.96,33.0,33.0,0.45,False,external_unknown_fault,False,False,False
437,25,20260920-195424-keep-115200,20260920-195424-keep-115200,20260920-195424-keep-115200.npz,2026_9_20_19-54-31-keep-115200.npz,-1,keep,115200,115200,50.0,2.0,500,0.4821064826746599,0.0043662426518458,0.96,33.0,33.0,0.45,False,external_unknown_fault,False,False,False
438,26,20260920-195424-keep-115200,20260920-195424-keep-115200,20260920-195424-keep-115200.npz,2026_9_20_19-54-31-keep-115200.npz,-1,keep,115200,115200,52.0,2.0,520,0.4821064826746599,0.0043662426518458,0.96,33.0,33.0,0.45,False,external_unknown_fault,False,False,False
439,27,20260920-195424-keep-115200,20260920-195424-keep-115200,20260920-195424-keep-115200.npz,2026_9_20_19-54-31-keep-115200.npz,-1,keep,115200,115200,54.0,2.0,540,0.4821064826746599,0.0043662426518458,0.96,33.0,33.0,0.45,False,external_unknown_fault,False,False,False
440,28,20260920-195424-keep-115200,20260920-195424-keep-115200,20260920-195424-keep-115200.npz,2026_9_20_19-54-31-keep-115200.npz,-1,keep,115200,115200,56.0,2.0,560,0.4821064826746599,0.0043662426518458,0.96,33.5,33.0,0.45,False,external_unknown_fault,False,False,False
441,29,20260920-195424-keep-115200,20260920-195424-keep-115200,20260920-195424-keep-115200.npz,2026_9_20_19-54-31-keep-115200.npz,-1,keep,115200,115200,58.0,2.0,580,0.4821064826746599,0.0043662426518458,0.96,34.0,33.0,0.45,False,external_unknown_fault,False,False,False
442,30,20260920-195424-keep-115200,20260920-195424-keep-115200,20260920-195424-keep-115200.npz,2026_9_20_19-54-31-keep-115200.npz,-1,keep,115200,115200,60.0,2.0,600,0.4821064826746599,0.0043662426518458,0.96,33.0,33.0,0.45,False,external_unknown_fault,False,False,False
443,31,20260920-195424-keep-115200,20260920-195424-keep-115200,20260920-195424-keep-115200.npz,2026_9_20_19-54-31-keep-115200.npz,-1,keep,115200,115200,62.0,2.0,620,0.4821064826746599,0.0043662426518458,0.96,33.5,33.0,0.45,False,external_unknown_fault,False,False,False
444,32,20260920-195424-keep-115200,20260920-195424-keep-115200,20260920-195424-keep-115200.npz,2026_9_20_19-54-31-keep-115200.npz,-1,keep,115200,115200,64.0,2.0,640,0.4821064826746599,0.0043662426518458,0.96,34.0,33.0,0.45,False,external_unknown_fault,False,False,False
445,33,20260920-195424-keep-115200,20260920-195424-keep-115200,20260920-195424-keep-115200.npz,2026_9_20_19-54-31-keep-115200.npz,-1,keep,115200,115200,66.0,2.0,660,0.4821064826746599,0.0043662426518458,0.96,32.5,33.0,0.45,False,external_unknown_fault,False,False,False
446,34,20260920-195424-keep-115200,20260920-195424-keep-115200,20260920-195424-keep-115200.npz,2026_9_20_19-54-31-keep-115200.npz,-1,keep,115200,115200,68.0,2.0,680,0.4821064826746599,0.0043662426518458,0.96,33.5,33.0,0.45,False,external_unknown_fault,False,False,False
447,35,20260920-195424-keep-115200,20260920-195424-keep-115200,20260920-195424-keep-115200.npz,2026_9_20_19-54-31-keep-115200.npz,-1,keep,115200,115200,70.0,2.0,700,0.4821064826746599,0.0043662426518458,0.96,33.5,33.0,0.45,False,external_unknown_fault,False,False,False
448,36,20260920-195424-keep-115200,20260920-195424-keep-115200,20260920-195424-keep-115200.npz,2026_9_20_19-54-31-keep-115200.npz,-1,keep,115200,115200,72.0,2.0,720,0.4821064826746599,0.0043662426518458,0.96,32.5,33.0,0.45,False,external_unknown_fault,False,False,False
449,37,20260920-195424-keep-115200,20260920-195424-keep-115200,20260920-195424-keep-115200.npz,2026_9_20_19-54-31-keep-115200.npz,-1,keep,115200,115200,74.0,2.0,740,0.4821064826746599,0.0043662426518458,0.96,34.5,33.0,0.45,False,external_unknown_fault,False,False,False
450,38,20260920-195424-keep-115200,20260920-195424-keep-115200,20260920-195424-keep-115200.npz,2026_9_20_19-54-31-keep-115200.npz,-1,keep,115200,115200,76.0,2.0,760,0.4821064826746599,0.0043662426518458,0.96,34.0,33.0,0.45,False,external_unknown_fault,False,False,False
451,39,20260920-195424-keep-115200,20260920-195424-keep-115200,20260920-195424-keep-115200.npz,2026_9_20_19-54-31-keep-115200.npz,-1,keep,115200,115200,78.0,2.0,780,0.4821064826746599,0.0043662426518458,0.96,32.5,33.0,0.45,False,external_unknown_fault,False,False,False
452,40,20260920-195424-keep-115200,20260920-195424-keep-115200,20260920-195424-keep-115200.npz,2026_9_20_19-54-31-keep-115200.npz,-1,keep,115200,115200,80.0,2.0,800,0.4821064826746599,0.0043662426518458,0.96,33.5,33.0,0.45,False,external_unknown_fault,False,False,False
453,41,20260920-195424-keep-115200,20260920-195424-keep-115200,20260920-195424-keep-115200.npz,2026_9_20_19-54-31-keep-115200.npz,-1,keep,115200,115200,82.0,2.0,820,0.4821064826746599,0.0043662426518458,0.96,34.0,33.0,0.45,False,external_unknown_fault,False,False,False
454,42,20260920-195424-keep-115200,20260920-195424-keep-115200,20260920-195424-keep-115200.npz,2026_9_20_19-54-31-keep-115200.npz,-1,keep,115200,115200,84.0,2.0,840,0.4821064826746599,0.0043662426518458,0.96,33.5,33.0,0.45,False,external_unknown_fault,False,False,False
455,43,20260920-195424-keep-115200,20260920-195424-keep-115200,20260920-195424-keep-115200.npz,2026_9_20_19-54-31-keep-115200.npz,-1,keep,115200,115200,86.0,2.0,860,0.4821064826746599,0.0043662426518458,0.96,33.0,33.0,0.45,False,external_unknown_fault,False,False,False
456,44,20260920-195424-keep-115200,20260920-195424-keep-115200,20260920-195424-keep-115200.npz,2026_9_20_19-54-31-keep-115200.npz,-1,keep,115200,115200,88.0,2.0,880,0.4821064826746599,0.0043662426518458,0.96,34.0,33.0,0.45,False,external_unknown_fault,False,False,False
457,45,20260920-195424-keep-115200,20260920-195424-keep-115200,20260920-195424-keep-115200.npz,2026_9_20_19-54-31-keep-115200.npz,-1,keep,115200,115200,90.0,2.0,900,0.4821064826746599,0.0043662426518458,0.96,34.0,33.0,0.45,False,external_unknown_fault,False,False,False
458,46,20260920-195424-keep-115200,20260920-195424-keep-115200,20260920-195424-keep-115200.npz,2026_9_20_19-54-31-keep-115200.npz,-1,keep,115200,115200,92.0,2.0,920,0.4821064826746599,0.0043662426518458,0.96,34.5,33.0,0.45,False,external_unknown_fault,False,False,False
459,47,20260920-195424-keep-115200,20260920-195424-keep-115200,20260920-195424-keep-115200.npz,2026_9_20_19-54-31-keep-115200.npz,-1,keep,115200,115200,94.0,2.0,940,0.4821064826746599,0.0043662426518458,0.96,33.5,33.0,0.45,False,external_unknown_fault,False,False,False
460,48,20260920-195424-keep-115200,20260920-195424-keep-115200,20260920-195424-keep-115200.npz,2026_9_20_19-54-31-keep-115200.npz,-1,keep,115200,115200,96.0,2.0,960,0.4821064826746599,0.0043662426518458,0.96,33.5,33.0,0.45,False,external_unknown_fault,False,False,False
461,49,20260920-195424-keep-115200,20260920-195424-keep-115200,20260920-195424-keep-115200.npz,2026_9_20_19-54-31-keep-115200.npz,-1,keep,115200,115200,98.0,2.0,980,0.4821064826746599,0.0043662426518458,0.96,33.0,33.0,0.45,False,external_unknown_fault,False,False,False
462,50,20260920-195424-keep-115200,20260920-195424-keep-115200,20260920-195424-keep-115200.npz,2026_9_20_19-54-31-keep-115200.npz,-1,keep,115200,115200,100.0,2.0,1000,0.4821064826746599,0.0043662426518458,0.96,33.5,33.0,0.45,False,external_unknown_fault,False,False,False
463,0,20260920-195753-keep-460800,20260920-195753-keep-460800,20260920-195753-keep-460800.npz,2026_9_20_19-58-01-keep-460800.npz,-1,keep,460800,460800,0.0,2.0,0,0.4821064826746599,0.0040156370674083,0.96,33.0,33.0,0.45,False,external_unknown_fault,False,False,False
464,1,20260920-195753-keep-460800,20260920-195753-keep-460800,20260920-195753-keep-460800.npz,2026_9_20_19-58-01-keep-460800.npz,-1,keep,460800,460800,2.0,2.0,20,0.4821064826746599,0.0040156370674083,0.96,33.5,33.0,0.45,False,external_unknown_fault,False,False,False
465,2,20260920-195753-keep-460800,20260920-195753-keep-460800,20260920-195753-keep-460800.npz,2026_9_20_19-58-01-keep-460800.npz,-1,keep,460800,460800,4.0,2.0,40,0.4821064826746599,0.0040156370674083,0.96,33.5,33.0,0.45,False,external_unknown_fault,False,False,False
466,3,20260920-195753-keep-460800,20260920-195753-keep-460800,20260920-195753-keep-460800.npz,2026_9_20_19-58-01-keep-460800.npz,-1,keep,460800,460800,6.0,2.0,60,0.4821064826746599,0.0040156370674083,0.96,33.0,33.0,0.45,False,external_unknown_fault,False,False,False
467,4,20260920-195753-keep-460800,20260920-195753-keep-460800,20260920-195753-keep-460800.npz,2026_9_20_19-58-01-keep-460800.npz,-1,keep,460800,460800,8.0,2.0,80,0.4821064826746599,0.0040156370674083,0.96,32.5,99.5,0.45,False,external_unknown_fault,False,False,False
468,5,20260920-195753-keep-460800,20260920-195753-keep-460800,20260920-195753-keep-460800.npz,2026_9_20_19-58-01-keep-460800.npz,-1,keep,460800,460800,10.0,2.0,100,0.4821064826746599,0.0040156370674083,0.96,32.5,33.0,0.45,False,external_unknown_fault,False,False,False
469,6,20260920-195753-keep-460800,20260920-195753-keep-460800,20260920-195753-keep-460800.npz,2026_9_20_19-58-01-keep-460800.npz,-1,keep,460800,460800,12.0,2.0,120,0.4821064826746599,0.0040156370674083,0.96,33.0,33.0,0.45,False,external_unknown_fault,False,False,False
470,7,20260920-195753-keep-460800,20260920-195753-keep-460800,20260920-195753-keep-460800.npz,2026_9_20_19-58-01-keep-460800.npz,-1,keep,460800,460800,14.0,2.0,140,0.4821064826746599,0.0040156370674083,0.96,32.5,33.0,0.45,False,external_unknown_fault,False,False,False
471,8,20260920-195753-keep-460800,20260920-195753-keep-460800,20260920-195753-keep-460800.npz,2026_9_20_19-58-01-keep-460800.npz,-1,keep,460800,460800,16.0,2.0,160,0.4821064826746599,0.0040156370674083,0.96,33.0,33.0,0.45,False,external_unknown_fault,False,False,False
472,9,20260920-195753-keep-460800,20260920-195753-keep-460800,20260920-195753-keep-460800.npz,2026_9_20_19-58-01-keep-460800.npz,-1,keep,460800,460800,18.0,2.0,180,0.4821064826746599,0.0040156370674083,0.96,32.5,33.0,0.45,False,external_unknown_fault,False,False,False
473,10,20260920-195753-keep-460800,20260920-195753-keep-460800,20260920-195753-keep-460800.npz,2026_9_20_19-58-01-keep-460800.npz,-1,keep,460800,460800,20.0,2.0,200,0.4821064826746599,0.0040156370674083,0.96,33.5,33.0,0.45,False,external_unknown_fault,False,False,False
474,11,20260920-195753-keep-460800,20260920-195753-keep-460800,20260920-195753-keep-460800.npz,2026_9_20_19-58-01-keep-460800.npz,-1,keep,460800,460800,22.0,2.0,220,0.4821064826746599,0.0040156370674083,0.96,33.0,33.0,0.45,False,external_unknown_fault,False,False,False
475,12,20260920-195753-keep-460800,20260920-195753-keep-460800,20260920-195753-keep-460800.npz,2026_9_20_19-58-01-keep-460800.npz,-1,keep,460800,460800,24.0,2.0,240,0.4821064826746599,0.0040156370674083,0.96,33.5,33.0,0.45,False,external_unknown_fault,False,False,False
476,13,20260920-195753-keep-460800,20260920-195753-keep-460800,20260920-195753-keep-460800.npz,2026_9_20_19-58-01-keep-460800.npz,-1,keep,460800,460800,26.0,2.0,260,0.4821064826746599,0.0040156370674083,0.96,33.0,33.0,0.45,False,external_unknown_fault,False,False,False
477,14,20260920-195753-keep-460800,20260920-195753-keep-460800,20260920-195753-keep-460800.npz,2026_9_20_19-58-01-keep-460800.npz,-1,keep,460800,460800,28.0,2.0,280,0.4821064826746599,0.0040156370674083,0.96,33.5,33.0,0.45,False,external_unknown_fault,False,False,False
478,15,20260920-195753-keep-460800,20260920-195753-keep-460800,20260920-195753-keep-460800.npz,2026_9_20_19-58-01-keep-460800.npz,-1,keep,460800,460800,30.0,2.0,300,0.4821064826746599,0.0040156370674083,0.96,33.0,33.0,0.45,False,external_unknown_fault,False,False,False
479,16,20260920-195753-keep-460800,20260920-195753-keep-460800,20260920-195753-keep-460800.npz,2026_9_20_19-58-01-keep-460800.npz,-1,keep,460800,460800,32.0,2.0,320,0.4821064826746599,0.0040156370674083,0.96,33.0,33.0,0.45,False,external_unknown_fault,False,False,False
480,17,20260920-195753-keep-460800,20260920-195753-keep-460800,20260920-195753-keep-460800.npz,2026_9_20_19-58-01-keep-460800.npz,-1,keep,460800,460800,34.0,2.0,340,0.4821064826746599,0.0040156370674083,0.96,33.0,33.0,0.45,False,external_unknown_fault,False,False,False
481,18,20260920-195753-keep-460800,20260920-195753-keep-460800,20260920-195753-keep-460800.npz,2026_9_20_19-58-01-keep-460800.npz,-1,keep,460800,460800,36.0,2.0,360,0.4821064826746599,0.0040156370674083,0.96,33.0,33.0,0.45,False,external_unknown_fault,False,False,False
482,19,20260920-195753-keep-460800,20260920-195753-keep-460800,20260920-195753-keep-460800.npz,2026_9_20_19-58-01-keep-460800.npz,-1,keep,460800,460800,38.0,2.0,380,0.4821064826746599,0.0040156370674083,0.96,32.5,33.0,0.45,False,external_unknown_fault,False,False,False
483,20,20260920-195753-keep-460800,20260920-195753-keep-460800,20260920-195753-keep-460800.npz,2026_9_20_19-58-01-keep-460800.npz,-1,keep,460800,460800,40.0,2.0,400,0.4821064826746599,0.0040156370674083,0.96,32.5,33.0,0.45,False,external_unknown_fault,False,False,False
484,21,20260920-195753-keep-460800,20260920-195753-keep-460800,20260920-195753-keep-460800.npz,2026_9_20_19-58-01-keep-460800.npz,-1,keep,460800,460800,42.0,2.0,420,0.4821064826746599,0.0040156370674083,0.96,33.5,33.0,0.45,False,external_unknown_fault,False,False,False
485,22,20260920-195753-keep-460800,20260920-195753-keep-460800,20260920-195753-keep-460800.npz,2026_9_20_19-58-01-keep-460800.npz,-1,keep,460800,460800,44.0,2.0,440,0.4821064826746599,0.0040156370674083,0.96,33.5,33.0,0.45,False,external_unknown_fault,False,False,False
486,23,20260920-195753-keep-460800,20260920-195753-keep-460800,20260920-195753-keep-460800.npz,2026_9_20_19-58-01-keep-460800.npz,-1,keep,460800,460800,46.0,2.0,460,0.4821064826746599,0.0040156370674083,0.96,33.0,33.0,0.45,False,external_unknown_fault,False,False,False
487,24,20260920-195753-keep-460800,20260920-195753-keep-460800,20260920-195753-keep-460800.npz,2026_9_20_19-58-01-keep-460800.npz,-1,keep,460800,460800,48.0,2.0,480,0.4821064826746599,0.0040156370674083,0.96,33.0,33.0,0.45,False,external_unknown_fault,False,False,False
488,25,20260920-195753-keep-460800,20260920-195753-keep-460800,20260920-195753-keep-460800.npz,2026_9_20_19-58-01-keep-460800.npz,-1,keep,460800,460800,50.0,2.0,500,0.4821064826746599,0.0040156370674083,0.96,33.0,33.0,0.45,False,external_unknown_fault,False,False,False
489,26,20260920-195753-keep-460800,20260920-195753-keep-460800,20260920-195753-keep-460800.npz,2026_9_20_19-58-01-keep-460800.npz,-1,keep,460800,460800,52.0,2.0,520,0.4821064826746599,0.0040156370674083,0.96,33.5,33.0,0.45,False,external_unknown_fault,False,False,False
490,27,20260920-195753-keep-460800,20260920-195753-keep-460800,20260920-195753-keep-460800.npz,2026_9_20_19-58-01-keep-460800.npz,-1,keep,460800,460800,54.0,2.0,540,0.4821064826746599,0.0040156370674083,0.96,34.5,33.0,0.45,False,external_unknown_fault,False,False,False
491,28,20260920-195753-keep-460800,20260920-195753-keep-460800,20260920-195753-keep-460800.npz,2026_9_20_19-58-01-keep-460800.npz,-1,keep,460800,460800,56.0,2.0,560,0.4821064826746599,0.0040156370674083,0.96,32.5,33.0,0.45,False,external_unknown_fault,False,False,False
492,29,20260920-195753-keep-460800,20260920-195753-keep-460800,20260920-195753-keep-460800.npz,2026_9_20_19-58-01-keep-460800.npz,-1,keep,460800,460800,58.0,2.0,580,0.4821064826746599,0.0040156370674083,0.96,33.0,33.0,0.45,False,external_unknown_fault,False,False,False
493,30,20260920-195753-keep-460800,20260920-195753-keep-460800,20260920-195753-keep-460800.npz,2026_9_20_19-58-01-keep-460800.npz,-1,keep,460800,460800,60.0,2.0,600,0.4821064826746599,0.0040156370674083,0.96,33.5,33.0,0.45,False,external_unknown_fault,False,False,False
494,31,20260920-195753-keep-460800,20260920-195753-keep-460800,20260920-195753-keep-460800.npz,2026_9_20_19-58-01-keep-460800.npz,-1,keep,460800,460800,62.0,2.0,620,0.4821064826746599,0.0040156370674083,0.96,33.0,33.0,0.45,False,external_unknown_fault,False,False,False
495,32,20260920-195753-keep-460800,20260920-195753-keep-460800,20260920-195753-keep-460800.npz,2026_9_20_19-58-01-keep-460800.npz,-1,keep,460800,460800,64.0,2.0,640,0.4821064826746599,0.0040156370674083,0.96,33.0,33.0,0.45,False,external_unknown_fault,False,False,False
496,33,20260920-195753-keep-460800,20260920-195753-keep-460800,20260920-195753-keep-460800.npz,2026_9_20_19-58-01-keep-460800.npz,-1,keep,460800,460800,66.0,2.0,660,0.4821064826746599,0.0040156370674083,0.96,32.0,33.0,0.45,False,external_unknown_fault,False,False,False
497,34,20260920-195753-keep-460800,20260920-195753-keep-460800,20260920-195753-keep-460800.npz,2026_9_20_19-58-01-keep-460800.npz,-1,keep,460800,460800,68.0,2.0,680,0.4821064826746599,0.0040156370674083,0.96,33.0,33.0,0.45,False,external_unknown_fault,False,False,False
498,35,20260920-195753-keep-460800,20260920-195753-keep-460800,20260920-195753-keep-460800.npz,2026_9_20_19-58-01-keep-460800.npz,-1,keep,460800,460800,70.0,2.0,700,0.4821064826746599,0.0040156370674083,0.96,33.0,33.0,0.45,False,external_unknown_fault,False,False,False
499,36,20260920-195753-keep-460800,20260920-195753-keep-460800,20260920-195753-keep-460800.npz,2026_9_20_19-58-01-keep-460800.npz,-1,keep,460800,460800,72.0,2.0,720,0.4821064826746599,0.0040156370674083,0.96,33.5,33.0,0.45,False,external_unknown_fault,False,False,False
500,37,20260920-195753-keep-460800,20260920-195753-keep-460800,20260920-195753-keep-460800.npz,2026_9_20_19-58-01-keep-460800.npz,-1,keep,460800,460800,74.0,2.0,740,0.4821064826746599,0.0040156370674083,0.96,32.5,33.0,0.45,False,external_unknown_fault,False,False,False
501,38,20260920-195753-keep-460800,20260920-195753-keep-460800,20260920-195753-keep-460800.npz,2026_9_20_19-58-01-keep-460800.npz,-1,keep,460800,460800,76.0,2.0,760,0.4821064826746599,0.0040156370674083,0.96,32.5,33.0,0.45,False,external_unknown_fault,False,False,False
502,39,20260920-195753-keep-460800,20260920-195753-keep-460800,20260920-195753-keep-460800.npz,2026_9_20_19-58-01-keep-460800.npz,-1,keep,460800,460800,78.0,2.0,780,0.4821064826746599,0.0040156370674083,0.96,32.0,33.0,0.45,False,external_unknown_fault,False,False,False
503,40,20260920-195753-keep-460800,20260920-195753-keep-460800,20260920-195753-keep-460800.npz,2026_9_20_19-58-01-keep-460800.npz,-1,keep,460800,460800,80.0,2.0,800,0.4821064826746599,0.0040156370674083,0.96,33.0,33.0,0.45,False,external_unknown_fault,False,False,False
504,41,20260920-195753-keep-460800,20260920-195753-keep-460800,20260920-195753-keep-460800.npz,2026_9_20_19-58-01-keep-460800.npz,-1,keep,460800,460800,82.0,2.0,820,0.4821064826746599,0.0040156370674083,0.96,33.5,33.0,0.45,False,external_unknown_fault,False,False,False
505,42,20260920-195753-keep-460800,20260920-195753-keep-460800,20260920-195753-keep-460800.npz,2026_9_20_19-58-01-keep-460800.npz,-1,keep,460800,460800,84.0,2.0,840,0.4821064826746599,0.0040156370674083,0.96,33.0,33.0,0.45,False,external_unknown_fault,False,False,False
506,43,20260920-195753-keep-460800,20260920-195753-keep-460800,20260920-195753-keep-460800.npz,2026_9_20_19-58-01-keep-460800.npz,-1,keep,460800,460800,86.0,2.0,860,0.4821064826746599,0.0040156370674083,0.96,32.5,33.0,0.45,False,external_unknown_fault,False,False,False
507,44,20260920-195753-keep-460800,20260920-195753-keep-460800,20260920-195753-keep-460800.npz,2026_9_20_19-58-01-keep-460800.npz,-1,keep,460800,460800,88.0,2.0,880,0.4821064826746599,0.0040156370674083,0.96,33.0,33.0,0.45,False,external_unknown_fault,False,False,False
508,45,20260920-195753-keep-460800,20260920-195753-keep-460800,20260920-195753-keep-460800.npz,2026_9_20_19-58-01-keep-460800.npz,-1,keep,460800,460800,90.0,2.0,900,0.4821064826746599,0.0040156370674083,0.96,33.0,33.0,0.45,False,external_unknown_fault,False,False,False
509,46,20260920-195753-keep-460800,20260920-195753-keep-460800,20260920-195753-keep-460800.npz,2026_9_20_19-58-01-keep-460800.npz,-1,keep,460800,460800,92.0,2.0,920,0.4821064826746599,0.0040156370674083,0.96,33.5,33.0,0.45,False,external_unknown_fault,False,False,False
510,47,20260920-195753-keep-460800,20260920-195753-keep-460800,20260920-195753-keep-460800.npz,2026_9_20_19-58-01-keep-460800.npz,-1,keep,460800,460800,94.0,2.0,940,0.4821064826746599,0.0040156370674083,0.96,33.0,33.0,0.45,False,external_unknown_fault,False,False,False
511,48,20260920-195753-keep-460800,20260920-195753-keep-460800,20260920-195753-keep-460800.npz,2026_9_20_19-58-01-keep-460800.npz,-1,keep,460800,460800,96.0,2.0,960,0.4821064826746599,0.0040156370674083,0.96,32.5,33.0,0.45,False,external_unknown_fault,False,False,False
512,49,20260920-195753-keep-460800,20260920-195753-keep-460800,20260920-195753-keep-460800.npz,2026_9_20_19-58-01-keep-460800.npz,-1,keep,460800,460800,98.0,2.0,980,0.4821064826746599,0.0040156370674083,0.96,33.0,33.0,0.45,False,external_unknown_fault,False,False,False
513,50,20260920-195753-keep-460800,20260920-195753-keep-460800,20260920-195753-keep-460800.npz,2026_9_20_19-58-01-keep-460800.npz,-1,keep,460800,460800,100.0,2.0,1000,0.4821064826746599,0.0040156370674083,0.96,32.5,33.0,0.45,False,external_unknown_fault,False,False,False
514,0,20260920-201757-bigNormal-115200,20260920-201757-bigNormal-115200,20260920-201757-bigNormal-115200.npz,2026_9_20_20-17-49-bigNormal-115200.npz,-1,bigNormal,115200,115200,0.0,2.0,0,0.5222820228975482,0.001489148457845,0.96,10.0,13.0,0.45,False,external_healthy,False,False,False
515,1,20260920-201757-bigNormal-115200,20260920-201757-bigNormal-115200,20260920-201757-bigNormal-115200.npz,2026_9_20_20-17-49-bigNormal-115200.npz,-1,bigNormal,115200,115200,2.0,2.0,20,0.5222820228975482,0.001489148457845,0.96,10.0,13.0,0.45,False,external_healthy,False,False,False
516,2,20260920-201757-bigNormal-115200,20260920-201757-bigNormal-115200,20260920-201757-bigNormal-115200.npz,2026_9_20_20-17-49-bigNormal-115200.npz,-1,bigNormal,115200,115200,4.0,2.0,40,0.5222820228975482,0.001489148457845,0.96,10.0,13.0,0.45,False,external_healthy,False,False,False
517,3,20260920-201757-bigNormal-115200,20260920-201757-bigNormal-115200,20260920-201757-bigNormal-115200.npz,2026_9_20_20-17-49-bigNormal-115200.npz,-1,bigNormal,115200,115200,6.0,2.0,60,0.5222820228975482,0.001489148457845,0.96,10.0,13.0,0.45,False,external_healthy,False,False,False
518,4,20260920-201757-bigNormal-115200,20260920-201757-bigNormal-115200,20260920-201757-bigNormal-115200.npz,2026_9_20_20-17-49-bigNormal-115200.npz,-1,bigNormal,115200,115200,8.0,2.0,80,0.5222820228975482,0.001489148457845,0.96,10.0,13.0,0.45,False,external_healthy,False,False,False
519,5,20260920-201757-bigNormal-115200,20260920-201757-bigNormal-115200,20260920-201757-bigNormal-115200.npz,2026_9_20_20-17-49-bigNormal-115200.npz,-1,bigNormal,115200,115200,10.0,2.0,100,0.5222820228975482,0.001489148457845,0.96,10.0,13.0,0.45,False,external_healthy,False,False,False
520,6,20260920-201757-bigNormal-115200,20260920-201757-bigNormal-115200,20260920-201757-bigNormal-115200.npz,2026_9_20_20-17-49-bigNormal-115200.npz,-1,bigNormal,115200,115200,12.0,2.0,120,0.5222820228975482,0.001489148457845,0.96,10.0,13.0,0.45,False,external_healthy,False,False,False
521,7,20260920-201757-bigNormal-115200,20260920-201757-bigNormal-115200,20260920-201757-bigNormal-115200.npz,2026_9_20_20-17-49-bigNormal-115200.npz,-1,bigNormal,115200,115200,14.0,2.0,140,0.5222820228975482,0.001489148457845,0.96,10.0,13.0,0.45,False,external_healthy,False,False,False
522,8,20260920-201757-bigNormal-115200,20260920-201757-bigNormal-115200,20260920-201757-bigNormal-115200.npz,2026_9_20_20-17-49-bigNormal-115200.npz,-1,bigNormal,115200,115200,16.0,2.0,160,0.5222820228975482,0.001489148457845,0.96,10.0,13.0,0.45,False,external_healthy,False,False,False
523,9,20260920-201757-bigNormal-115200,20260920-201757-bigNormal-115200,20260920-201757-bigNormal-115200.npz,2026_9_20_20-17-49-bigNormal-115200.npz,-1,bigNormal,115200,115200,18.0,2.0,180,0.5222820228975482,0.001489148457845,0.96,10.0,13.0,0.45,False,external_healthy,False,False,False
524,10,20260920-201757-bigNormal-115200,20260920-201757-bigNormal-115200,20260920-201757-bigNormal-115200.npz,2026_9_20_20-17-49-bigNormal-115200.npz,-1,bigNormal,115200,115200,20.0,2.0,200,0.5222820228975482,0.001489148457845,0.96,10.0,13.5,0.45,False,external_healthy,False,False,False
525,11,20260920-201757-bigNormal-115200,20260920-201757-bigNormal-115200,20260920-201757-bigNormal-115200.npz,2026_9_20_20-17-49-bigNormal-115200.npz,-1,bigNormal,115200,115200,22.0,2.0,220,0.5222820228975482,0.001489148457845,0.96,10.0,13.0,0.45,False,external_healthy,False,False,False
526,12,20260920-201757-bigNormal-115200,20260920-201757-bigNormal-115200,20260920-201757-bigNormal-115200.npz,2026_9_20_20-17-49-bigNormal-115200.npz,-1,bigNormal,115200,115200,24.0,2.0,240,0.5222820228975482,0.001489148457845,0.96,10.0,13.0,0.45,False,external_healthy,False,False,False
527,13,20260920-201757-bigNormal-115200,20260920-201757-bigNormal-115200,20260920-201757-bigNormal-115200.npz,2026_9_20_20-17-49-bigNormal-115200.npz,-1,bigNormal,115200,115200,26.0,2.0,260,0.5222820228975482,0.001489148457845,0.96,10.0,13.0,0.45,False,external_healthy,False,False,False
528,14,20260920-201757-bigNormal-115200,20260920-201757-bigNormal-115200,20260920-201757-bigNormal-115200.npz,2026_9_20_20-17-49-bigNormal-115200.npz,-1,bigNormal,115200,115200,28.0,2.0,280,0.5222820228975482,0.001489148457845,0.96,10.0,13.5,0.45,False,external_healthy,False,False,False
529,15,20260920-201757-bigNormal-115200,20260920-201757-bigNormal-115200,20260920-201757-bigNormal-115200.npz,2026_9_20_20-17-49-bigNormal-115200.npz,-1,bigNormal,115200,115200,30.0,2.0,300,0.5222820228975482,0.001489148457845,0.96,10.0,13.0,0.45,False,external_healthy,False,False,False
530,16,20260920-201757-bigNormal-115200,20260920-201757-bigNormal-115200,20260920-201757-bigNormal-115200.npz,2026_9_20_20-17-49-bigNormal-115200.npz,-1,bigNormal,115200,115200,32.0,2.0,320,0.5222820228975482,0.001489148457845,0.96,10.0,13.5,0.45,False,external_healthy,False,False,False
531,17,20260920-201757-bigNormal-115200,20260920-201757-bigNormal-115200,20260920-201757-bigNormal-115200.npz,2026_9_20_20-17-49-bigNormal-115200.npz,-1,bigNormal,115200,115200,34.0,2.0,340,0.5222820228975482,0.001489148457845,0.96,10.0,13.0,0.45,False,external_healthy,False,False,False
532,18,20260920-201757-bigNormal-115200,20260920-201757-bigNormal-115200,20260920-201757-bigNormal-115200.npz,2026_9_20_20-17-49-bigNormal-115200.npz,-1,bigNormal,115200,115200,36.0,2.0,360,0.5222820228975482,0.001489148457845,0.96,10.0,13.5,0.45,False,external_healthy,False,False,False
533,19,20260920-201757-bigNormal-115200,20260920-201757-bigNormal-115200,20260920-201757-bigNormal-115200.npz,2026_9_20_20-17-49-bigNormal-115200.npz,-1,bigNormal,115200,115200,38.0,2.0,380,0.5222820228975482,0.001489148457845,0.96,10.0,13.0,0.45,False,external_healthy,False,False,False
534,20,20260920-201757-bigNormal-115200,20260920-201757-bigNormal-115200,20260920-201757-bigNormal-115200.npz,2026_9_20_20-17-49-bigNormal-115200.npz,-1,bigNormal,115200,115200,40.0,2.0,400,0.5222820228975482,0.001489148457845,0.96,10.0,13.5,0.45,False,external_healthy,False,False,False
535,21,20260920-201757-bigNormal-115200,20260920-201757-bigNormal-115200,20260920-201757-bigNormal-115200.npz,2026_9_20_20-17-49-bigNormal-115200.npz,-1,bigNormal,115200,115200,42.0,2.0,420,0.5222820228975482,0.001489148457845,0.96,10.0,13.0,0.45,False,external_healthy,False,False,False
536,22,20260920-201757-bigNormal-115200,20260920-201757-bigNormal-115200,20260920-201757-bigNormal-115200.npz,2026_9_20_20-17-49-bigNormal-115200.npz,-1,bigNormal,115200,115200,44.0,2.0,440,0.5222820228975482,0.001489148457845,0.96,10.0,13.5,0.45,False,external_healthy,False,False,False
537,23,20260920-201757-bigNormal-115200,20260920-201757-bigNormal-115200,20260920-201757-bigNormal-115200.npz,2026_9_20_20-17-49-bigNormal-115200.npz,-1,bigNormal,115200,115200,46.0,2.0,460,0.5222820228975482,0.001489148457845,0.96,10.0,13.5,0.45,False,external_healthy,False,False,False
538,24,20260920-201757-bigNormal-115200,20260920-201757-bigNormal-115200,20260920-201757-bigNormal-115200.npz,2026_9_20_20-17-49-bigNormal-115200.npz,-1,bigNormal,115200,115200,48.0,2.0,480,0.5222820228975482,0.001489148457845,0.96,10.0,13.5,0.45,False,external_healthy,False,False,False
539,25,20260920-201757-bigNormal-115200,20260920-201757-bigNormal-115200,20260920-201757-bigNormal-115200.npz,2026_9_20_20-17-49-bigNormal-115200.npz,-1,bigNormal,115200,115200,50.0,2.0,500,0.5222820228975482,0.001489148457845,0.96,10.0,13.5,0.45,False,external_healthy,False,False,False
540,26,20260920-201757-bigNormal-115200,20260920-201757-bigNormal-115200,20260920-201757-bigNormal-115200.npz,2026_9_20_20-17-49-bigNormal-115200.npz,-1,bigNormal,115200,115200,52.0,2.0,520,0.5222820228975482,0.001489148457845,0.96,10.0,13.0,0.45,False,external_healthy,False,False,False
541,27,20260920-201757-bigNormal-115200,20260920-201757-bigNormal-115200,20260920-201757-bigNormal-115200.npz,2026_9_20_20-17-49-bigNormal-115200.npz,-1,bigNormal,115200,115200,54.0,2.0,540,0.5222820228975482,0.001489148457845,0.96,10.0,13.0,0.45,False,external_healthy,False,False,False
542,28,20260920-201757-bigNormal-115200,20260920-201757-bigNormal-115200,20260920-201757-bigNormal-115200.npz,2026_9_20_20-17-49-bigNormal-115200.npz,-1,bigNormal,115200,115200,56.0,2.0,560,0.5222820228975482,0.001489148457845,0.96,10.0,13.0,0.45,False,external_healthy,False,False,False
543,29,20260920-201757-bigNormal-115200,20260920-201757-bigNormal-115200,20260920-201757-bigNormal-115200.npz,2026_9_20_20-17-49-bigNormal-115200.npz,-1,bigNormal,115200,115200,58.0,2.0,580,0.5222820228975482,0.001489148457845,0.96,10.0,13.0,0.45,False,external_healthy,False,False,False
544,30,20260920-201757-bigNormal-115200,20260920-201757-bigNormal-115200,20260920-201757-bigNormal-115200.npz,2026_9_20_20-17-49-bigNormal-115200.npz,-1,bigNormal,115200,115200,60.0,2.0,600,0.5222820228975482,0.001489148457845,0.96,10.0,13.5,0.45,False,external_healthy,False,False,False
545,31,20260920-201757-bigNormal-115200,20260920-201757-bigNormal-115200,20260920-201757-bigNormal-115200.npz,2026_9_20_20-17-49-bigNormal-115200.npz,-1,bigNormal,115200,115200,62.0,2.0,620,0.5222820228975482,0.001489148457845,0.96,10.5,13.0,0.45,False,external_healthy,False,False,False
546,32,20260920-201757-bigNormal-115200,20260920-201757-bigNormal-115200,20260920-201757-bigNormal-115200.npz,2026_9_20_20-17-49-bigNormal-115200.npz,-1,bigNormal,115200,115200,64.0,2.0,640,0.5222820228975482,0.001489148457845,0.96,10.0,13.0,0.45,False,external_healthy,False,False,False
547,33,20260920-201757-bigNormal-115200,20260920-201757-bigNormal-115200,20260920-201757-bigNormal-115200.npz,2026_9_20_20-17-49-bigNormal-115200.npz,-1,bigNormal,115200,115200,66.0,2.0,660,0.5222820228975482,0.001489148457845,0.96,10.0,13.0,0.45,False,external_healthy,False,False,False
548,34,20260920-201757-bigNormal-115200,20260920-201757-bigNormal-115200,20260920-201757-bigNormal-115200.npz,2026_9_20_20-17-49-bigNormal-115200.npz,-1,bigNormal,115200,115200,68.0,2.0,680,0.5222820228975482,0.001489148457845,0.96,10.0,13.0,0.45,False,external_healthy,False,False,False
549,35,20260920-201757-bigNormal-115200,20260920-201757-bigNormal-115200,20260920-201757-bigNormal-115200.npz,2026_9_20_20-17-49-bigNormal-115200.npz,-1,bigNormal,115200,115200,70.0,2.0,700,0.5222820228975482,0.001489148457845,0.96,10.0,13.0,0.45,False,external_healthy,False,False,False
550,36,20260920-201757-bigNormal-115200,20260920-201757-bigNormal-115200,20260920-201757-bigNormal-115200.npz,2026_9_20_20-17-49-bigNormal-115200.npz,-1,bigNormal,115200,115200,72.0,2.0,720,0.5222820228975482,0.001489148457845,0.96,10.0,13.5,0.45,False,external_healthy,False,False,False
551,37,20260920-201757-bigNormal-115200,20260920-201757-bigNormal-115200,20260920-201757-bigNormal-115200.npz,2026_9_20_20-17-49-bigNormal-115200.npz,-1,bigNormal,115200,115200,74.0,2.0,740,0.5222820228975482,0.001489148457845,0.96,10.0,13.0,0.45,False,external_healthy,False,False,False
552,38,20260920-201757-bigNormal-115200,20260920-201757-bigNormal-115200,20260920-201757-bigNormal-115200.npz,2026_9_20_20-17-49-bigNormal-115200.npz,-1,bigNormal,115200,115200,76.0,2.0,760,0.5222820228975482,0.001489148457845,0.96,10.0,13.0,0.45,False,external_healthy,False,False,False
553,39,20260920-201757-bigNormal-115200,20260920-201757-bigNormal-115200,20260920-201757-bigNormal-115200.npz,2026_9_20_20-17-49-bigNormal-115200.npz,-1,bigNormal,115200,115200,78.0,2.0,780,0.5222820228975482,0.001489148457845,0.96,10.0,13.0,0.45,False,external_healthy,False,False,False
554,40,20260920-201757-bigNormal-115200,20260920-201757-bigNormal-115200,20260920-201757-bigNormal-115200.npz,2026_9_20_20-17-49-bigNormal-115200.npz,-1,bigNormal,115200,115200,80.0,2.0,800,0.5222820228975482,0.001489148457845,0.96,10.0,13.0,0.45,False,external_healthy,False,False,False
555,41,20260920-201757-bigNormal-115200,20260920-201757-bigNormal-115200,20260920-201757-bigNormal-115200.npz,2026_9_20_20-17-49-bigNormal-115200.npz,-1,bigNormal,115200,115200,82.0,2.0,820,0.5222820228975482,0.001489148457845,0.96,10.0,13.0,0.45,False,external_healthy,False,False,False
556,42,20260920-201757-bigNormal-115200,20260920-201757-bigNormal-115200,20260920-201757-bigNormal-115200.npz,2026_9_20_20-17-49-bigNormal-115200.npz,-1,bigNormal,115200,115200,84.0,2.0,840,0.5222820228975482,0.001489148457845,0.96,10.0,13.0,0.45,False,external_healthy,False,False,False
557,43,20260920-201757-bigNormal-115200,20260920-201757-bigNormal-115200,20260920-201757-bigNormal-115200.npz,2026_9_20_20-17-49-bigNormal-115200.npz,-1,bigNormal,115200,115200,86.0,2.0,860,0.5222820228975482,0.001489148457845,0.96,10.0,13.0,0.45,False,external_healthy,False,False,False
558,44,20260920-201757-bigNormal-115200,20260920-201757-bigNormal-115200,20260920-201757-bigNormal-115200.npz,2026_9_20_20-17-49-bigNormal-115200.npz,-1,bigNormal,115200,115200,88.0,2.0,880,0.5222820228975482,0.001489148457845,0.96,10.0,13.5,0.45,False,external_healthy,False,False,False
559,45,20260920-201757-bigNormal-115200,20260920-201757-bigNormal-115200,20260920-201757-bigNormal-115200.npz,2026_9_20_20-17-49-bigNormal-115200.npz,-1,bigNormal,115200,115200,90.0,2.0,900,0.5222820228975482,0.001489148457845,0.96,10.0,13.5,0.45,False,external_healthy,False,False,False
560,46,20260920-201757-bigNormal-115200,20260920-201757-bigNormal-115200,20260920-201757-bigNormal-115200.npz,2026_9_20_20-17-49-bigNormal-115200.npz,-1,bigNormal,115200,115200,92.0,2.0,920,0.5222820228975482,0.001489148457845,0.96,10.0,13.0,0.45,False,external_healthy,False,False,False
561,47,20260920-201757-bigNormal-115200,20260920-201757-bigNormal-115200,20260920-201757-bigNormal-115200.npz,2026_9_20_20-17-49-bigNormal-115200.npz,-1,bigNormal,115200,115200,94.0,2.0,940,0.5222820228975482,0.001489148457845,0.96,10.0,13.0,0.45,False,external_healthy,False,False,False
562,48,20260920-201757-bigNormal-115200,20260920-201757-bigNormal-115200,20260920-201757-bigNormal-115200.npz,2026_9_20_20-17-49-bigNormal-115200.npz,-1,bigNormal,115200,115200,96.0,2.0,960,0.5222820228975482,0.001489148457845,0.96,10.0,13.5,0.45,False,external_healthy,False,False,False
563,49,20260920-201757-bigNormal-115200,20260920-201757-bigNormal-115200,20260920-201757-bigNormal-115200.npz,2026_9_20_20-17-49-bigNormal-115200.npz,-1,bigNormal,115200,115200,98.0,2.0,980,0.5222820228975482,0.001489148457845,0.96,10.0,13.5,0.45,False,external_healthy,False,False,False
564,0,20260920-202115-bigNormal-460800,20260920-202115-bigNormal-460800,20260920-202115-bigNormal-460800.npz,2026_9_20_20-21-22-bigNormal-460800.npz,-1,bigNormal,460800,460800,0.0,2.0,0,0.5222820228975482,0.0012766698201497,0.96,10.0,13.5,0.45,False,external_healthy,False,False,False
565,1,20260920-202115-bigNormal-460800,20260920-202115-bigNormal-460800,20260920-202115-bigNormal-460800.npz,2026_9_20_20-21-22-bigNormal-460800.npz,-1,bigNormal,460800,460800,2.0,2.0,20,0.5222820228975482,0.0012766698201497,0.96,10.0,13.5,0.45,False,external_healthy,False,False,False
566,2,20260920-202115-bigNormal-460800,20260920-202115-bigNormal-460800,20260920-202115-bigNormal-460800.npz,2026_9_20_20-21-22-bigNormal-460800.npz,-1,bigNormal,460800,460800,4.0,2.0,40,0.5222820228975482,0.0012766698201497,0.96,10.0,13.5,0.45,False,external_healthy,False,False,False
567,3,20260920-202115-bigNormal-460800,20260920-202115-bigNormal-460800,20260920-202115-bigNormal-460800.npz,2026_9_20_20-21-22-bigNormal-460800.npz,-1,bigNormal,460800,460800,6.0,2.0,60,0.5222820228975482,0.0012766698201497,0.96,10.0,13.5,0.45,False,external_healthy,False,False,False
568,4,20260920-202115-bigNormal-460800,20260920-202115-bigNormal-460800,20260920-202115-bigNormal-460800.npz,2026_9_20_20-21-22-bigNormal-460800.npz,-1,bigNormal,460800,460800,8.0,2.0,80,0.5222820228975482,0.0012766698201497,0.96,10.0,13.0,0.45,False,external_healthy,False,False,False
569,5,20260920-202115-bigNormal-460800,20260920-202115-bigNormal-460800,20260920-202115-bigNormal-460800.npz,2026_9_20_20-21-22-bigNormal-460800.npz,-1,bigNormal,460800,460800,10.0,2.0,100,0.5222820228975482,0.0012766698201497,0.96,10.0,13.0,0.45,False,external_healthy,False,False,False
570,6,20260920-202115-bigNormal-460800,20260920-202115-bigNormal-460800,20260920-202115-bigNormal-460800.npz,2026_9_20_20-21-22-bigNormal-460800.npz,-1,bigNormal,460800,460800,12.0,2.0,120,0.5222820228975482,0.0012766698201497,0.96,10.0,13.0,0.45,False,external_healthy,False,False,False
571,7,20260920-202115-bigNormal-460800,20260920-202115-bigNormal-460800,20260920-202115-bigNormal-460800.npz,2026_9_20_20-21-22-bigNormal-460800.npz,-1,bigNormal,460800,460800,14.0,2.0,140,0.5222820228975482,0.0012766698201497,0.96,10.0,13.0,0.45,False,external_healthy,False,False,False
572,8,20260920-202115-bigNormal-460800,20260920-202115-bigNormal-460800,20260920-202115-bigNormal-460800.npz,2026_9_20_20-21-22-bigNormal-460800.npz,-1,bigNormal,460800,460800,16.0,2.0,160,0.5222820228975482,0.0012766698201497,0.96,10.0,13.0,0.45,False,external_healthy,False,False,False
573,9,20260920-202115-bigNormal-460800,20260920-202115-bigNormal-460800,20260920-202115-bigNormal-460800.npz,2026_9_20_20-21-22-bigNormal-460800.npz,-1,bigNormal,460800,460800,18.0,2.0,180,0.5222820228975482,0.0012766698201497,0.96,10.0,13.0,0.45,False,external_healthy,False,False,False
574,10,20260920-202115-bigNormal-460800,20260920-202115-bigNormal-460800,20260920-202115-bigNormal-460800.npz,2026_9_20_20-21-22-bigNormal-460800.npz,-1,bigNormal,460800,460800,20.0,2.0,200,0.5222820228975482,0.0012766698201497,0.96,10.0,13.0,0.45,False,external_healthy,False,False,False
575,11,20260920-202115-bigNormal-460800,20260920-202115-bigNormal-460800,20260920-202115-bigNormal-460800.npz,2026_9_20_20-21-22-bigNormal-460800.npz,-1,bigNormal,460800,460800,22.0,2.0,220,0.5222820228975482,0.0012766698201497,0.96,10.0,13.0,0.45,False,external_healthy,False,False,False
576,12,20260920-202115-bigNormal-460800,20260920-202115-bigNormal-460800,20260920-202115-bigNormal-460800.npz,2026_9_20_20-21-22-bigNormal-460800.npz,-1,bigNormal,460800,460800,24.0,2.0,240,0.5222820228975482,0.0012766698201497,0.96,10.0,13.0,0.45,False,external_healthy,False,False,False
577,13,20260920-202115-bigNormal-460800,20260920-202115-bigNormal-460800,20260920-202115-bigNormal-460800.npz,2026_9_20_20-21-22-bigNormal-460800.npz,-1,bigNormal,460800,460800,26.0,2.0,260,0.5222820228975482,0.0012766698201497,0.96,10.0,13.0,0.45,False,external_healthy,False,False,False
578,14,20260920-202115-bigNormal-460800,20260920-202115-bigNormal-460800,20260920-202115-bigNormal-460800.npz,2026_9_20_20-21-22-bigNormal-460800.npz,-1,bigNormal,460800,460800,28.0,2.0,280,0.5222820228975482,0.0012766698201497,0.96,10.0,13.5,0.45,False,external_healthy,False,False,False
579,15,20260920-202115-bigNormal-460800,20260920-202115-bigNormal-460800,20260920-202115-bigNormal-460800.npz,2026_9_20_20-21-22-bigNormal-460800.npz,-1,bigNormal,460800,460800,30.0,2.0,300,0.5222820228975482,0.0012766698201497,0.96,10.0,13.5,0.45,False,external_healthy,False,False,False
580,16,20260920-202115-bigNormal-460800,20260920-202115-bigNormal-460800,20260920-202115-bigNormal-460800.npz,2026_9_20_20-21-22-bigNormal-460800.npz,-1,bigNormal,460800,460800,32.0,2.0,320,0.5222820228975482,0.0012766698201497,0.96,10.0,13.0,0.45,False,external_healthy,False,False,False
581,17,20260920-202115-bigNormal-460800,20260920-202115-bigNormal-460800,20260920-202115-bigNormal-460800.npz,2026_9_20_20-21-22-bigNormal-460800.npz,-1,bigNormal,460800,460800,34.0,2.0,340,0.5222820228975482,0.0012766698201497,0.96,10.0,13.0,0.45,False,external_healthy,False,False,False
582,18,20260920-202115-bigNormal-460800,20260920-202115-bigNormal-460800,20260920-202115-bigNormal-460800.npz,2026_9_20_20-21-22-bigNormal-460800.npz,-1,bigNormal,460800,460800,36.0,2.0,360,0.5222820228975482,0.0012766698201497,0.96,10.0,13.5,0.45,False,external_healthy,False,False,False
583,19,20260920-202115-bigNormal-460800,20260920-202115-bigNormal-460800,20260920-202115-bigNormal-460800.npz,2026_9_20_20-21-22-bigNormal-460800.npz,-1,bigNormal,460800,460800,38.0,2.0,380,0.5222820228975482,0.0012766698201497,0.96,10.0,13.5,0.45,False,external_healthy,False,False,False
584,20,20260920-202115-bigNormal-460800,20260920-202115-bigNormal-460800,20260920-202115-bigNormal-460800.npz,2026_9_20_20-21-22-bigNormal-460800.npz,-1,bigNormal,460800,460800,40.0,2.0,400,0.5222820228975482,0.0012766698201497,0.96,10.0,13.5,0.45,False,external_healthy,False,False,False
585,21,20260920-202115-bigNormal-460800,20260920-202115-bigNormal-460800,20260920-202115-bigNormal-460800.npz,2026_9_20_20-21-22-bigNormal-460800.npz,-1,bigNormal,460800,460800,42.0,2.0,420,0.5222820228975482,0.0012766698201497,0.96,10.0,13.5,0.45,False,external_healthy,False,False,False
586,22,20260920-202115-bigNormal-460800,20260920-202115-bigNormal-460800,20260920-202115-bigNormal-460800.npz,2026_9_20_20-21-22-bigNormal-460800.npz,-1,bigNormal,460800,460800,44.0,2.0,440,0.5222820228975482,0.0012766698201497,0.96,10.0,13.5,0.45,False,external_healthy,False,False,False
587,23,20260920-202115-bigNormal-460800,20260920-202115-bigNormal-460800,20260920-202115-bigNormal-460800.npz,2026_9_20_20-21-22-bigNormal-460800.npz,-1,bigNormal,460800,460800,46.0,2.0,460,0.5222820228975482,0.0012766698201497,0.96,10.0,13.5,0.45,False,external_healthy,False,False,False
588,24,20260920-202115-bigNormal-460800,20260920-202115-bigNormal-460800,20260920-202115-bigNormal-460800.npz,2026_9_20_20-21-22-bigNormal-460800.npz,-1,bigNormal,460800,460800,48.0,2.0,480,0.5222820228975482,0.0012766698201497,0.96,10.0,13.5,0.45,False,external_healthy,False,False,False
589,25,20260920-202115-bigNormal-460800,20260920-202115-bigNormal-460800,20260920-202115-bigNormal-460800.npz,2026_9_20_20-21-22-bigNormal-460800.npz,-1,bigNormal,460800,460800,50.0,2.0,500,0.5222820228975482,0.0012766698201497,0.96,10.0,13.5,0.45,False,external_healthy,False,False,False
590,26,20260920-202115-bigNormal-460800,20260920-202115-bigNormal-460800,20260920-202115-bigNormal-460800.npz,2026_9_20_20-21-22-bigNormal-460800.npz,-1,bigNormal,460800,460800,52.0,2.0,520,0.5222820228975482,0.0012766698201497,0.96,10.0,13.5,0.45,False,external_healthy,False,False,False
591,27,20260920-202115-bigNormal-460800,20260920-202115-bigNormal-460800,20260920-202115-bigNormal-460800.npz,2026_9_20_20-21-22-bigNormal-460800.npz,-1,bigNormal,460800,460800,54.0,2.0,540,0.5222820228975482,0.0012766698201497,0.96,10.0,13.5,0.45,False,external_healthy,False,False,False
592,28,20260920-202115-bigNormal-460800,20260920-202115-bigNormal-460800,20260920-202115-bigNormal-460800.npz,2026_9_20_20-21-22-bigNormal-460800.npz,-1,bigNormal,460800,460800,56.0,2.0,560,0.5222820228975482,0.0012766698201497,0.96,10.0,13.0,0.45,False,external_healthy,False,False,False
593,29,20260920-202115-bigNormal-460800,20260920-202115-bigNormal-460800,20260920-202115-bigNormal-460800.npz,2026_9_20_20-21-22-bigNormal-460800.npz,-1,bigNormal,460800,460800,58.0,2.0,580,0.5222820228975482,0.0012766698201497,0.96,10.0,13.0,0.45,False,external_healthy,False,False,False
594,30,20260920-202115-bigNormal-460800,20260920-202115-bigNormal-460800,20260920-202115-bigNormal-460800.npz,2026_9_20_20-21-22-bigNormal-460800.npz,-1,bigNormal,460800,460800,60.0,2.0,600,0.5222820228975482,0.0012766698201497,0.96,10.0,13.5,0.45,False,external_healthy,False,False,False
595,31,20260920-202115-bigNormal-460800,20260920-202115-bigNormal-460800,20260920-202115-bigNormal-460800.npz,2026_9_20_20-21-22-bigNormal-460800.npz,-1,bigNormal,460800,460800,62.0,2.0,620,0.5222820228975482,0.0012766698201497,0.96,10.0,13.0,0.45,False,external_healthy,False,False,False
596,32,20260920-202115-bigNormal-460800,20260920-202115-bigNormal-460800,20260920-202115-bigNormal-460800.npz,2026_9_20_20-21-22-bigNormal-460800.npz,-1,bigNormal,460800,460800,64.0,2.0,640,0.5222820228975482,0.0012766698201497,0.96,10.0,13.5,0.45,False,external_healthy,False,False,False
597,33,20260920-202115-bigNormal-460800,20260920-202115-bigNormal-460800,20260920-202115-bigNormal-460800.npz,2026_9_20_20-21-22-bigNormal-460800.npz,-1,bigNormal,460800,460800,66.0,2.0,660,0.5222820228975482,0.0012766698201497,0.96,10.0,13.0,0.45,False,external_healthy,False,False,False
598,34,20260920-202115-bigNormal-460800,20260920-202115-bigNormal-460800,20260920-202115-bigNormal-460800.npz,2026_9_20_20-21-22-bigNormal-460800.npz,-1,bigNormal,460800,460800,68.0,2.0,680,0.5222820228975482,0.0012766698201497,0.96,10.0,13.0,0.45,False,external_healthy,False,False,False
599,35,20260920-202115-bigNormal-460800,20260920-202115-bigNormal-460800,20260920-202115-bigNormal-460800.npz,2026_9_20_20-21-22-bigNormal-460800.npz,-1,bigNormal,460800,460800,70.0,2.0,700,0.5222820228975482,0.0012766698201497,0.96,10.0,13.0,0.45,False,external_healthy,False,False,False
600,36,20260920-202115-bigNormal-460800,20260920-202115-bigNormal-460800,20260920-202115-bigNormal-460800.npz,2026_9_20_20-21-22-bigNormal-460800.npz,-1,bigNormal,460800,460800,72.0,2.0,720,0.5222820228975482,0.0012766698201497,0.96,10.0,13.5,0.45,False,external_healthy,False,False,False
601,37,20260920-202115-bigNormal-460800,20260920-202115-bigNormal-460800,20260920-202115-bigNormal-460800.npz,2026_9_20_20-21-22-bigNormal-460800.npz,-1,bigNormal,460800,460800,74.0,2.0,740,0.5222820228975482,0.0012766698201497,0.96,10.0,13.0,0.45,False,external_healthy,False,False,False
602,38,20260920-202115-bigNormal-460800,20260920-202115-bigNormal-460800,20260920-202115-bigNormal-460800.npz,2026_9_20_20-21-22-bigNormal-460800.npz,-1,bigNormal,460800,460800,76.0,2.0,760,0.5222820228975482,0.0012766698201497,0.96,10.0,13.0,0.45,False,external_healthy,False,False,False
603,39,20260920-202115-bigNormal-460800,20260920-202115-bigNormal-460800,20260920-202115-bigNormal-460800.npz,2026_9_20_20-21-22-bigNormal-460800.npz,-1,bigNormal,460800,460800,78.0,2.0,780,0.5222820228975482,0.0012766698201497,0.96,10.0,13.0,0.45,False,external_healthy,False,False,False
604,40,20260920-202115-bigNormal-460800,20260920-202115-bigNormal-460800,20260920-202115-bigNormal-460800.npz,2026_9_20_20-21-22-bigNormal-460800.npz,-1,bigNormal,460800,460800,80.0,2.0,800,0.5222820228975482,0.0012766698201497,0.96,10.0,13.0,0.45,False,external_healthy,False,False,False
605,41,20260920-202115-bigNormal-460800,20260920-202115-bigNormal-460800,20260920-202115-bigNormal-460800.npz,2026_9_20_20-21-22-bigNormal-460800.npz,-1,bigNormal,460800,460800,82.0,2.0,820,0.5222820228975482,0.0012766698201497,0.96,10.0,13.0,0.45,False,external_healthy,False,False,False
606,42,20260920-202115-bigNormal-460800,20260920-202115-bigNormal-460800,20260920-202115-bigNormal-460800.npz,2026_9_20_20-21-22-bigNormal-460800.npz,-1,bigNormal,460800,460800,84.0,2.0,840,0.5222820228975482,0.0012766698201497,0.96,10.0,13.0,0.45,False,external_healthy,False,False,False
607,43,20260920-202115-bigNormal-460800,20260920-202115-bigNormal-460800,20260920-202115-bigNormal-460800.npz,2026_9_20_20-21-22-bigNormal-460800.npz,-1,bigNormal,460800,460800,86.0,2.0,860,0.5222820228975482,0.0012766698201497,0.96,10.0,13.0,0.45,False,external_healthy,False,False,False
608,44,20260920-202115-bigNormal-460800,20260920-202115-bigNormal-460800,20260920-202115-bigNormal-460800.npz,2026_9_20_20-21-22-bigNormal-460800.npz,-1,bigNormal,460800,460800,88.0,2.0,880,0.5222820228975482,0.0012766698201497,0.96,10.0,13.0,0.45,False,external_healthy,False,False,False
609,45,20260920-202115-bigNormal-460800,20260920-202115-bigNormal-460800,20260920-202115-bigNormal-460800.npz,2026_9_20_20-21-22-bigNormal-460800.npz,-1,bigNormal,460800,460800,90.0,2.0,900,0.5222820228975482,0.0012766698201497,0.96,10.0,13.5,0.45,False,external_healthy,False,False,False
610,46,20260920-202115-bigNormal-460800,20260920-202115-bigNormal-460800,20260920-202115-bigNormal-460800.npz,2026_9_20_20-21-22-bigNormal-460800.npz,-1,bigNormal,460800,460800,92.0,2.0,920,0.5222820228975482,0.0012766698201497,0.96,10.0,13.5,0.45,False,external_healthy,False,False,False
611,47,20260920-202115-bigNormal-460800,20260920-202115-bigNormal-460800,20260920-202115-bigNormal-460800.npz,2026_9_20_20-21-22-bigNormal-460800.npz,-1,bigNormal,460800,460800,94.0,2.0,940,0.5222820228975482,0.0012766698201497,0.96,10.0,13.5,0.45,False,external_healthy,False,False,False
612,48,20260920-202115-bigNormal-460800,20260920-202115-bigNormal-460800,20260920-202115-bigNormal-460800.npz,2026_9_20_20-21-22-bigNormal-460800.npz,-1,bigNormal,460800,460800,96.0,2.0,960,0.5222820228975482,0.0012766698201497,0.96,10.0,13.5,0.45,False,external_healthy,False,False,False
613,49,20260920-202115-bigNormal-460800,20260920-202115-bigNormal-460800,20260920-202115-bigNormal-460800.npz,2026_9_20_20-21-22-bigNormal-460800.npz,-1,bigNormal,460800,460800,98.0,2.0,980,0.5222820228975482,0.0012766698201497,0.96,10.0,13.5,0.45,False,external_healthy,False,False,False
